120
-0.33104208755856396 0.791077087558564 2.5051577603392583
2.2687132352927093 0.27538799963596255 0.5541616235718274
5.982396016685277 0.9191993710243849 4.31184872561049
-0.8496220000000001 0.7374947605973637 5.504159907567644
-0.2592668022932544 1.0583779999999998 5.729346250362657
-0.5151617470492997 -1.3351591997348662 -0.5
-0.21621472944978426 -5.3 6.74938564216888
-0.13505241623572628 1.2302192726795171 5.185275353166075
-2.0127303104082848 -0.34831433773396825 7.199999999999999
2.157734207873702 4.4639155053112045 6.4
-1.3213832085565647 5.379869080171078 8.409805651144952
-1.0043564341875029 -0.5522324693247433 2.857578975497566
-0.29422340105097616 -0.1207598055115046 3.5999999999999996
2.6741574813422893 -2.3758425186577106 6.678402268695716
-2.4 3.1617969177183687 6.639610986426421
3.4002463552667552 0.17008824482502866 5.309805856379621
5.542461890305253 0.9716539761224873 4.565921118178751
1.2943804696936336 1.7892951259747616 3.6641724696936335
5.432611049407818 -0.68466910101975 7.088300935135948
2.4 5.317848201976637 6.6506217162032035
0.5978852386816416 2.8613612514187676 1.0
1.4156832077907335 -0.3292760720329967 6.460000000000001
3.9208111848814777 -2.310528561308567 3.828711509008652
-0.9292662809403319 -6.253496617081942 8.799999999999999
0.4559509136831827 -1.249792 3.464545579999232
7.830020094260657 -1.9312100638226328 5.65570291331362
-0.6746343851686454 -0.18421283982274392 -0.3123897639736718
1.604696634160922 -5.886005910565527 8.000543257793447
7.520465178392584 -1.3266533373362055 5.858011362704903
3.358964532847577 -1.0503162831194501 3.8728132046671746
1.293476278265821 -6.4 8.304253123698123
-0.38962918334042795 1.0583779999999998 6.18709953283353
-2.3659171031067046 0.04768846796433801 6.415917103106706
-0.39219652593489374 1.1615481499155367 4.391169475290453
-2.1721089710345423 -5.646950314946288 7.086259471379163
6.489474900724323 -1.120505458206137 4.449316395906322
6.395271880941801 1.9002080000000001 5.0604335343127875
5.613377461575782 -0.5530831202382988 4.780069122014592
-1.3005438001953085 2.7307600344341516 8.29593724114938
3.995320599013933 -0.749792 3.216835943807414
-0.4556994467746942 -6.4 7.9162144786581345
-0.7368197980813599 1.0316042019186402 3.7882376108139404
7.634066432933041 -1.061515630374273 5.0229536712739264
-0.5992963041764632 0.7808037835271258 5.516594854839382
1.9768164858633615 0.4160366204362968 6.595
1.8759638003873726 0.8326071407448895 3.1853952362049
1.4348023813382875 -0.18943495285380943 3.1830207254388956
2.382411057437727 -0.011007217374372005 3.0
0.666657290622334 0.24794713305927113 1.5
-2.160469822778331 -2.906217093852935 6.4
-0.3343825922869734 -0.02777954266898939 6.819999999999999
2.2649093411327805 -0.34363434482328586 0.0
-0.5061541055838119 -1.234526850780061 4.604976813027898
6.168704757224826 0.628549866837406 4.17692630272782
1.4201737746900711 5.782303552165885 7.284783177430894
0.7583947342231235 0.2776048671061033 7.020112000000001
0.9738886423122416 -1.044051018381713 6.735194775929775
0.09669601650992483 0.6747186439933701 2.0
-0.8496220000000001 0.7539435888774262 4.63860770402714
0.10635309318315887 0.07513187713721572 3.4697399024286235
0.18030439106569476 0.2947408807980662 6.370000000000001
6.687815798055537 0.08835087999962805 5.9930637666475075
7.461056525041715 1.1047795622415837 5.442681930062379
-2.5536259077654537 -0.8303237293179969 1.0
-0.2726512089395333 0.7557835561403058 3.3000000000000003
1.4944444490738653 5.735686654469528 8.019766437056614
0.9206071421316874 0.5988461798395481 1.1624398965422642
5.895685166114874 -1.465709973571994 4.769854707739088
6.455973828822989 -0.9936067727759682 5.09333739807553
0.6871075579538476 1.2335564359839635 4.2601174514334
-2.22167141072003 -1.5137847798015864 6.4
0.11636687614423283 -0.627569508924383 7.565839296299676
-2.1690927145448544 -0.0021067257164159832 7.519721420108254
-2.2629704487030673 -2.1668877620850133 6.4
-1.7951282465347205 4.2376751472775736 6.4
-1.7980365656108932 -1.4906891125934103 8.075381105357843
2.9893945425216675 2.060605457478333 6.927517378925785
0.15362204085977638 -1.0791712594298164 -0.5
-0.5967703457200053 -6.4 7.279743661289611
-0.8585230962655229 0.9015788256053472 4.244653359556205
7.355378309877516 0.9743364903364825 5.1045404928564
5.839590971817428 -1.8997920000000001 4.710059125891764
4.628001301157187 2.0383997937247202 3.80701676034205
8.148143186849284 -0.5483444908630085 5.839371512670503
-1.7292770439172185 3.1840767048827225 6.4
-1.2151527084721594 6.355747024175196 6.955747024175196
0.11374360801112023 -5.3 6.525291419232112
4.63377226367288 2.600208 3.3607517642535
3.5017732904228485 0.9833518914963671 5.580124273453866
1.3255424777188176 5.800000000000001 7.470582324302441
-0.7196666659792622 -2.2909408832743754 0.0
0.790165338602732 1.075378 4.4469445836883015
-0.05264652252174719 -0.8115012835687765 2.0
4.928098985112315 -1.3907915866603777 3.980278182902834
3.3685249189231152 -0.10925519326286606 5.431246967876481
5.952765351958658 0.8583510991217005 4.29474152573162
-0.5214356257802414 -0.9597554711777115 5.167356411951126
-0.7183834286932325 1.2154282190119081 3.6693005306129742
-0.5396579252222438 5.800000000000001 8.305699385569014
-1.332937233128601 1.3069463374007342 8.164485502197712
0.7445968673809431 -5.297302440245946 6.6187000330634875
0.4543315432634245 -0.6814536280104796 3.45
0.2566319389100106 -1.0931325162664727 5.64
-1.2722026252405834 -1.4707243778421915 6.4
-0.6560681767863533 0.1379250235203899 7.58259419081017
2.829569063742468 -1.2318508574485205 4.167760116909536
2.1591000128673445 -0.7100000000000001 6.609856709381791
-0.8140181177233539 -2.8828929211938283 0.3967133466051117
1.4261094848487192 -1.249792 3.6185661907127646
0.2880875682435719 -1.3810707959317845 -0.5
2.976178285961856 -0.5685176020754976 3.45
1.7000000000000002 -3.0356831823276775 6.548133501394428
2.227483145297784 -0.8801780840953458 3.0
7.88180272873923 1.6085437527714166 5.846856991784896
7.32739141089411 -1.8350164678335203 5.5964503630155535
2.724591431897272 -0.2804375956920716 0.3643123718238098
-2.2629095596698523 4.725653128843377 6.4
1.5913013451962463 -1.4545849401684998 0.7507930997014536
-1.8974661204444516 -3.7220056889386637 8.26551111026412
1.4495609376515814 0.334683181497713 6.61
