20
-0.8200000000000001 -0.4329103885717141 7.542912771287772
-1.9534810393910644 -5.037681438473564 9.501610104530544
1.6411934057794717 -5.299079052217309 11.542721191704612
0.23714644658661557 -4.2 14.346754485452307
1.3154552993118998 -5.2627779257788205 9.4
1.290062230360472 -5.800000000000001 9.15030510901181
1.9851943230756859 -4.728827040476525 7.979523432033024
-1.7412669761627804 -4.5522344273216095 10.336776501709291
-1.750213352284545 -5.45048318228954 8.600505248826668
0.9570430848440683 -4.653125031768627 12.561997116681317
-1.910732236836167 -4.9052047439699775 9.669847734332079
-1.7336358193886707 -5.053498789653396 11.178917040595739
-1.6337719175509215 -4.2 7.6875953210848085
2.1 -5.372914117636142 8.259741803089373
0.6590399669799164 -4.2 8.922121781770329
1.6997497625873486 -5.039383217654623 7.6499999999999995
-1.0654837298827349 -5.800000000000001 8.0827906457684
1.833073002503987 -4.2 9.030027409660011
-0.3425520322406783 -4.548064595612454 9.049999999999999
-1.027189033626504 -4.2 8.240331793288998
