600
3.2888910595155982 2.8027492533607647 6.102128630072036
2.825556409039697 12.06703056603153 -6.839114502485693
-5.934378148316453 9.530151940052214 -0.7777934986121371
-6.483160568487084 7.527287811345575 -0.34521190228479814
6.418923691395387 6.535887275277597 -2.2525950082874133
5.247404921419501 7.141027592914923 7.221746374925074
-4.986428795177492 10.95863880511619 1.3515341307280486
-1.3087222952204836 0.0 1.4046442565964021
2.529132533439327 9.62309923034157 8.089955356344504
5.651380144113023 10.300778104835077 -1.6062085331294031
-1.4415626774844201 1.0504089431462111 -2.5002194457925926
0.6805079407246575 6.96775781584705 9.140001
4.21445965997632 10.491932666517414 6.035529985048891
5.24568873581404 10.915058000399084 -4.053433464441887
-4.187489128344394 3.508482564069836 -4.610636931181265
-0.41231026786678526 9.442655107099005 8.198196785457446
2.3532857388329673 0.6709033860504381 -0.5586929195360588
-2.281818132147536 2.2817371155162225 6.731259139853718
5.630230130452597 4.93837804013585 3.659167659385651
4.415830825177814 7.169662506261888 8.089842013052662
-4.047226491912499 1.3203480151164655 -3.248993537090114
4.7197776215817475 10.419056314369296 3.9226447665942397
-4.060886221629927 3.6100335933297534 -5.157545921566893
-6.378588125466607 6.903740657862241 1.1904937467273538
0.1694866584526571 13.510464093471617 0.20674816957788889
-1.8446629583436978 12.291782249390117 5.571273904718173
2.189844648826119 4.0067467798749545 -6.338503304268167
-5.228833227203113 11.14684496253928 -1.6914720510940613
-0.9686607704835072 4.2231018484014475 -6.73933241332111
-1.6154748698561519 2.7869465840737324 -5.779418819654481
1.7009333479255206 12.019153879940873 6.480903964140965
-3.55207487806463 11.476646087192897 5.080228707883898
-5.870224608409922 4.088157239561718 2.206516425894667
0.4838397211007657 4.655974881006833 9.02691019137384
-0.40579672259298694 9.435281263143516 -8.531122601797385
-2.3328383798304095 0.0 0.29632961017332493
0.11571458850411463 12.999741507602414 3.500820679221032
-3.855714193656971 5.067407035630913 8.08966034952955
-2.2407152633323006 0.0 0.6797779388150618
-4.343844765104884 9.509511415463473 -6.983878137660176
0.5328661569555035 4.904826033576275 -7.166303894658693
4.7061900872700315 10.98067762450955 -5.872899088308474
-6.4618191741950906 7.238602263649549 0.1800603486540004
-5.109113012603899 5.829713390535946 7.657283422117516
3.9074829355372627 2.930951128878005 4.876393850128717
-4.541796046776254 1.7505117380616082 2.780071247865797
0.7866892274867862 0.0 -1.9278551009942895
-5.04986343410607 4.194895337648312 -3.854972280071027
-3.678794327357008 12.27956363754062 1.8998700066541065
0.010430296457340782 8.6377816846423 9.140001
0.4713148705093463 0.0 -1.889897586329874
-4.375469019898072 3.0862455880739144 4.220930809171753
-2.2659039163045174 12.518629851694685 3.848093908225196
-3.220967662443804 5.8503273861967315 8.089788275948976
-5.616690339895203 6.985892989261691 4.5592688195127815
-2.308963315245556 6.511384549947216 -7.62529970468657
-0.7340526348961917 1.0502678460690023 -4.780199533092886
5.102478481022907 11.437866273706556 -2.6114839188556846
2.124099343268183 0.1372024831291349 1.306231374186164
4.093470881187688 12.836940726383089 -2.3488894445945494
1.1756729677837177 13.641369850174401 -3.4813484658056377
-5.854763551526363 9.809821274498406 -2.5983945188440707
-5.912393126306558 3.676317630525124 1.5182465229056996
-6.282555195015599 6.063899724915149 -2.682231051522189
-5.97184286520426 5.453221853027559 3.138229848040222
3.8490659098456956 8.617554072838612 8.089816058276872
-5.349270323591992 8.963403708629073 4.498220089667115
-1.8158684508259157 1.7584387111734945 5.549228533084176
1.504497758496033 10.181750723281603 -8.383093765820126
5.060261396824886 8.704001019520993 6.737327550391216
2.496346537442609 13.294702623957019 -4.469754182175943
2.894027552239941 1.0529671860392311 3.325336428033972
0.6810154606365474 2.515225112363399 8.089773803291166
-2.1017333320999647 13.209331371070068 0.9031048582910133
-2.3572153864293917 1.0500012922841733 2.170726754370884
3.323433644945846 12.017183669725128 3.639315530084551
5.170866196826417 1.3276995444208115 -0.10553233540435379
-1.4582347009639847 12.575189279670095 -6.6645973873002164
2.454796730353568 2.1223112630360053 5.631574233094084
5.354535679168392 9.276244810000534 2.7228892880660824
-5.622736658594664 4.813068869463009 3.5571464912173076
-6.394629751321365 5.206932062228257 -1.2699275080056933
-1.139832083644165 3.4160398227531017 8.089893408777034
4.722498764366154 4.063319886486094 5.19410613313081
0.40951287328841457 8.419638286459534 9.140001
0.29767941218684585 12.268015404019165 7.257573607351542
-4.692499698686721 10.182272029137089 5.14117013341213
4.405309324159833 12.447542661784263 -3.463474796417331
0.42280294794360374 9.969898500922904 8.089966412228202
6.10554052086473 4.662907434177418 2.0488775463639453
-0.6292705350193106 13.247193082767355 2.240241987824095
-0.7174450162876951 8.475201407885683 9.140001
-0.5386575572841023 2.6959750066774353 -5.8095453577024
1.0504849540095402 13.679879528804072 -2.68613153315712
-4.2500994497585705 2.1184435417682415 3.4120918650190997
5.620756613126405 3.7393472602849234 2.485047829495881
4.138785379586453 9.786340323910828 -7.204689829385858
-6.455641703250429 6.200449426994962 -1.149983365790226
-3.690031070070569 1.0501085905882228 2.82620583289455
-6.245713591900135 4.4170621076722085 0.6051976493594574
-5.322760034682894 4.379045597883107 -3.874541181506978
0.6879876534757495 1.053163828261419 -4.3376599533316496
5.007026198049702 10.359469731622543 -5.6173841568517835
0.5747183494912661 1.8691826966426708 7.42814595137635
0.328036584608411 1.0515032471774894 4.517085411146942
2.3436748331057933 11.82228950163877 6.262727565138287
5.812051418987505 2.937940559408895 -0.2381203976742248
1.8900342205643725 5.502719321868116 8.40981102102053
-0.04674326202031179 3.526219056685283 -6.323869245458743
-5.612617169669891 5.44763774046052 4.155230209895309
-0.9860764588522506 7.351630148347624 9.140001
6.531041081513106 7.219801980895767 -0.5889846714912361
-6.038385148168084 9.188085424723418 -0.4458258481842932
6.065557178498482 7.806783859434109 0.7708514256739619
-4.552927419468896 4.4393796181844944 6.7971994412837615
5.318097552316755 7.802872052666878 6.362634863191287
-4.091872312261449 9.408231783578866 8.089913443291744
-5.892295715285178 8.238983466019537 1.4704644945500163
-1.3756423654537906 0.0 0.09118567686445846
-5.930879839488098 9.630640575799099 -1.8903313150962804
-3.615223514800997 1.0500130728070813 3.5773223123550144
-3.1911149699253087 1.0501782735161773 1.485332831944015
-1.307424744748318 11.892271073650484 -7.509239192077251
-4.848156893965413 11.779140716689037 -0.7251772920493014
0.7060089395685637 1.982473411376074 -5.400643956431918
-1.8729295880058825 9.122900492041364 8.089939421849957
6.056738044851147 3.4598602954128683 -0.474368347330148
0.49986954112097515 2.227846264131172 -5.5347543156439
5.4776857079058034 7.9480967801002835 -5.19302576614042
-5.630423034240881 10.097197449809345 0.5072464296504601
1.6036412058627658 2.0854866586327447 -5.276882033210085
2.0226459610168552 0.7922632123153558 1.484994063986862
-0.13045005409841534 13.62961770300588 -3.8442656789205505
-2.446564491140287 2.3195112004695755 6.432465280878369
-5.5828852819759085 8.00354423910091 4.580565368709859
-3.7292508933128854 1.9434732193152928 3.9595974778329808
-0.5827662184622437 5.334253223956587 -7.372626049260302
-1.0680168657977742 2.802488430175445 -5.606737811543908
-5.628147089584872 4.5452339448123205 3.299756951130141
6.020900595264137 6.2258042127961515 3.1272175102112403
4.344929961148089 11.791329455769006 -5.672287790814408
3.787215111893826 4.59519286954751 -5.974842324364392
-6.043237433297864 7.270206005277732 -3.7192516697178033
-5.6407444783109915 3.514437893486813 2.233511143263869
2.4584077002870446 1.0500048481212392 -0.24741972369991644
2.4554875176646256 13.378824891987179 -3.306750513272691
5.297156025613837 3.6975877945582902 3.2850015334139697
1.982411414165613 1.950305834036651 6.092227267570297
5.143789991927313 7.4579423652081 -5.6576188709419855
-0.15644151720104965 12.112017408459991 6.583927319803247
5.72231972765727 9.216277887371069 1.98554981876362
3.380507129789398 12.41886453772166 2.071480750840632
-3.435146213209543 10.809680574189581 -7.3869145984270554
-1.4402088163555182 0.5924701879061781 -1.9523150512238234
-3.1130638202697654 4.117497114886551 8.089849171070096
-5.183555911931173 11.207840300564294 -3.438032615291901
3.7880125502140234 1.688897716193622 -3.844531379616081
4.8998570278945675 5.021194285925086 6.002099267507812
1.001903776621302 6.504486180582614 -7.783377450829876
1.1681514829547257 6.068548031346083 -7.591960936372633
-0.5435964016350006 1.0553664596504313 4.336941247857365
2.92222887836091 1.0512063311803936 2.100282207490076
-3.0779882651854766 1.050470033422131 -1.964728151239132
2.8184186936295186 1.0516689164513857 -2.465605492304013
4.4863015206150445 1.1321736538773628 2.42631669335453
5.3128136646207 1.81514257782721 1.0090782992482317
-3.705952292908475 12.85833957338075 -4.2191992737658115
5.044853598525092 7.505720904992072 -5.834798987728562
2.1258921499486743 2.993346871185245 -5.724460293264168
5.342499289002339 7.900291244088517 6.124905064570435
-2.162343661345729 6.515926207160041 -7.6876569572898
0.8447413802522317 13.258176947615377 -5.357858616947893
0.17419754972878557 0.0 1.0755916439801616
-6.0830028490636945 8.946170467266343 -2.684423090005845
-3.455289244749747 12.171430394442798 2.7616275086696644
0.8381541391885896 0.0 1.1888775099037028
-5.124033742283271 10.097236947157226 2.999238767127811
2.016496534249402 4.547260132496681 -6.751412142304025
4.571886001970528 11.282905381472666 2.141645868861577
-6.255627460877121 7.003055079545452 1.8401859922610175
4.077992640223434 5.884311404409955 -6.526335580669186
2.5747874314890846 13.197606873747942 -0.264266164482056
-3.6837693496425308 7.75233027843959 8.089783975625505
-6.474894078233116 6.622217565877161 0.6968146232314464
5.905034400971988 8.793192899390178 1.8955182780280342
2.683729186387796 11.66505367653206 6.077152808648845
-0.14723868944754087 7.9396315176236865 -8.391118718353717
4.77571302606201 2.879360135780823 -3.6831391997607295
-1.970599260030369 3.955362874276727 8.089900235510749
-4.73154090653182 9.495075286585188 6.368975150451181
-0.9732503550106875 1.0500379785482907 -2.595507152697565
5.397962665998827 2.6946183355129407 -2.1066462811252724
-5.307557907107182 10.22461912051542 -4.859135423180164
5.817004938699232 6.231518771241224 -4.035441146791657
-2.946813285396125 2.0362871877007644 4.954384040029554
6.281349203262572 5.173193663076777 -1.8556588301015062
-5.810714587749946 4.527053720602713 2.770540099426567
1.494092118449581 1.3817261811520574 -4.988192770179839
0.9826258254702059 2.8389936117179584 -5.869711634691882
-3.6261432873931216 1.0513268002219065 -2.8780577227882187
5.149942420109238 3.301244488803242 -3.2910023549293164
0.5150843596195251 1.0522715110890561 5.135850109120186
2.4285866869308728 6.291688115715812 8.08999857376564
5.0852291288823475 5.593503336549042 6.4321865051661
2.0362033685291783 0.7382428373747706 1.453913122084445
-4.771544452584383 8.141077793556915 -6.361134024577758
1.2284417307612119 13.530805700707552 -0.6049874189971343
6.366640094116187 6.1280834751567985 -2.462695215236823
3.8566047808752795 10.653637871804303 7.259910268737016
4.161650677902302 10.300518086239368 7.216349255768742
-2.3758225204002907 8.804664502005103 -8.10653611237489
0.0749424723676968 3.356807299854643 -6.2145697717356345
-6.408820655763699 6.5540300746913385 -0.46045759505133255
-4.639592450743695 9.515885471951792 7.451096964585247
-1.0008990320621949 8.276942551773118 9.140001
-3.911199524845906 12.3171844354048 1.2747033102233887
-2.6575716222264405 5.825501603299912 -7.176291779244959
4.889426085424405 3.0953297316115824 -3.6553717792667175
-1.6167449590208711 4.484895371347881 -6.8069036655529835
-4.467593548624441 1.050328729649134 1.9620378238059941
-6.360953845950829 8.26556978600132 -0.3707111443398326
-3.819974264600151 10.594415371364143 7.352291033113184
3.584652241632838 2.5017511797128327 -4.686028328632433
4.5739308619974395 11.719515265677408 -5.144624157546867
2.337378464990767 11.80021554355756 6.233146562419487
-6.157991424949899 6.060808197044624 2.532595333317993
2.6808711406018846 12.831118692718762 1.6359875401558601
-3.0346553918112544 1.0503895811832158 -1.692603683502461
-5.215068208296181 1.9488088836085784 -1.5523319430551372
2.6665555583031 7.09807338244102 -7.684846920180746
-0.879484367062704 13.431155433905776 1.1732907792450422
2.498506781105797 1.3374102079156305 4.716904958373168
3.901886526271065 3.3539609675458153 -5.117261103966104
-5.436196687741272 4.167938111452719 3.4977131062673985
-3.969271612719575 6.911509314443248 8.089646154081205
4.703823003352407 2.870089889100992 3.428801673316383
3.5712636354330933 10.89893178174808 7.099058325289792
1.6436792237338373 12.582392848700794 4.579224265255808
-5.403483047996521 5.019176970338478 4.357539948716738
-2.004586914973865 1.0357436591445504 -1.4070767212667818
-6.105913056827209 8.747093148918962 0.4746293943503465
0.9686189980318954 9.366162400475936 8.090002175716346
1.510947591576427 12.176887290474388 6.941669203432671
3.1531525790756234 12.340062224368584 2.8779426929629457
6.153394382357082 4.926067479677056 2.0775323299689634
-6.293768515122154 8.14568240185964 -2.208533052129244
2.422399334770183 11.863182627521706 5.839579463424293
-3.447195292766513 12.24910239123704 2.497416950599581
-4.669259591763301 1.050383415122817 -0.25920556618042895
5.178971811851085 10.803302768716861 0.9155364152965377
-6.007077774957805 6.6382993927035825 -3.6827763712031545
-6.288693678664357 8.555595059629189 -0.9991714963543751
-6.045088460355749 8.235968165923758 1.840526631799676
-0.365955677742048 4.641291087715225 8.967119691209477
-6.264797971525699 6.716963389380533 1.9744227837475283
-1.2102089114308923 12.204648829570797 6.867956991686581
0.5194485382375297 1.0500898548378899 2.6681279929324098
4.3775331363764 10.006562059355684 6.922672298960222
4.8239361858774075 8.915942884516427 7.769026111321297
5.661346552834335 4.070998061904123 2.747212585846554
-1.5111144371781386 0.24220208901521117 -1.8462100877863956
3.0998198639093455 1.0526312554803126 -3.185884980874476
-5.526152749165793 10.53835118171783 -2.7549586159052595
2.7394483267026426 4.496789877357231 -6.413452704130728
-4.637616567575606 11.977072770992782 -4.530934204674679
5.149462255263406 2.0593787652373123 1.9120333825162337
-0.18247769633592553 1.9472729636274249 -5.5063740111718005
5.042548141647171 1.0926373754166967 0.7425556336855502
-0.5483132978865263 12.98499735938271 3.6278559637842545
-0.4004218288959817 9.439961322280874 8.688031536528278
-4.7853659808944276 4.90719289228516 6.900797822307196
1.9151548712503939 12.424749365955186 -6.925338621649837
2.7477059296536295 1.0524476927961717 4.0258417665288375
-4.421556258778291 12.474914142149686 -2.8649014178434595
2.332109031704642 3.927336618023955 -6.229761600280782
-4.72791084436254 4.01160733269917 -4.586109418008909
1.3140226081734925 4.90866652684778 8.523453166430116
0.12236042954982732 9.082256285942572 -8.519666513990222
0.11414052718573542 11.631725381685703 -7.947070900488634
4.548888213871497 1.0505759788441398 -0.8624694064197382
4.168909748970509 3.7806216885647252 -5.113242075608982
5.1391351460095525 11.094339772397907 0.045294128766540855
2.00931847481266 1.8455125967189852 5.618097781245184
3.6630767340727974 2.658067264043148 4.91965094692444
-4.7310868779357715 9.37925853195081 -6.440752975412662
-5.7616681545821455 4.925356368695449 3.2681879836954004
-1.0973678977362287 6.415803760358668 -7.8179321567675135
0.6880830913034199 13.650175534322809 -3.5953603546569237
4.171851631547105 11.192623235371643 -6.593323326025463
-2.454046471439152 7.177629070174463 -7.762831167349954
0.6222787388384188 12.856955831529577 4.207624387529716
3.9111187237269127 1.0550337074751843 3.275353152187525
4.536009324399994 12.264976522879625 -2.256444976911095
2.040105202936772 4.931971128954289 -6.984793136909493
-3.9437515925696083 12.944588784276867 -2.985473383638126
-5.941433157922309 9.208030402084036 -3.187322789381164
0.19344026992406776 1.0500524531925548 -2.866667649455062
5.742976158189155 9.027994766398827 -4.2919980717609105
-4.870071398002588 5.345504250498336 8.0312411626753
-4.376329529888512 10.070149043706103 6.8519795536630275
6.496162709887574 7.3751535581026815 -0.46967008134334803
5.952139163655903 7.365199581890766 3.194385656132092
3.2608327580099647 7.182947955490548 -7.455866010989411
-4.006904160679485 9.232801361592886 8.089923705906472
0.1395693783783611 13.412687982209063 1.0898737927058053
-5.343934956374481 7.800153923486984 6.623184432386034
-2.1630048198851526 6.0253150182102475 9.083165611372914
-0.37344543571072214 1.7526215792270226 6.701615491646794
-6.125751617749941 3.846418822298104 -1.0660175126330365
1.6973953479571209 0.4956206591819894 1.8771531165622322
-5.886268972985782 8.221639116035599 1.686754734676826
4.577039559090777 9.924645676628408 6.002912377342254
3.3654442731673826 1.0527240020056703 -3.0649300276589853
4.235126563438181 9.36739252874046 8.089799400900944
0.0671438741261411 13.286059079679772 -5.379758825770783
-2.5343859766577417 1.7387379494714201 4.901666673304984
-3.1781010217222514 10.852934660139653 8.089216389009774
1.1176883986889825 10.208595818571675 -8.441835997935845
5.795918736898962 5.387105151948904 3.5524014806307935
-5.465210729245615 7.043571538450051 -5.054035262460483
2.9447597505522927 1.053132657407094 3.2578437167754632
-5.242824011509904 6.060990033231891 6.503804181283673
3.3752321356008586 12.623866308690848 1.2484806708057545
-3.012117000646615 3.134197445221334 -5.298535834212554
-4.444589490199915 1.0503666322295122 0.6874589399744978
-4.817070961918061 10.745310899700106 2.6772083283027026
-3.481135726197386 12.031038895128045 3.215587541738706
3.910772812239563 12.918838009201474 -2.4387950135246244
-0.16342714146486587 4.572026168218961 8.623301510085081
-3.461830259086855 3.0836803689532677 7.619879509355087
-3.5508277251859037 1.1005685610238305 -3.492853427424046
-1.4104071090566748 13.262174226565088 -5.347466609909185
-5.843807303750742 7.875426415824266 3.363925155658893
-6.529969131816769 6.86662126058033 -0.8474946523451543
1.0364586040993096 8.711277142722619 9.140001
2.4040750541819813 6.952087040544648 8.92203500168209
-3.229409920057899 3.947158050560605 -5.904982539864902
5.229688941648216 6.571039423558288 7.336576874840965
-6.189987397108808 7.658922678660208 0.7274602134703725
-2.506151495002839 2.7165599404264054 -5.376740875943815
1.2855618235950166 3.0483840763734666 -5.995682366998898
4.961793968961461 4.658190834789204 5.15181781956905
-0.5410089569665648 13.684831952087166 -3.299095052778523
4.779043855195994 11.965810432515928 -2.89346647969452
3.536597175359841 12.48122328258251 1.4842022027518724
3.542770049848296 11.215504837345273 4.92678270998943
3.9961599331244857 4.21115200792129 -5.584785123588967
0.2888776711059091 0.0 -0.6020422174421811
5.616237478251754 4.6162684933209315 -3.3546569239863926
-0.41163836196516473 13.7208069565473 -2.0390181614652683
3.98044643160851 1.0501696397228568 0.14394077458184332
4.733957975135153 1.65341624223617 2.3952711134277527
5.417328916978663 2.136853839089794 1.2476250559965076
1.8988711040855102 2.883237782081609 -5.511124861872143
-0.72674099240453 13.68073643918446 -3.232321034431284
3.08928289715166 6.923192727439428 8.08996309699276
-0.24391350218753038 13.730264201956704 -1.872148591779094
6.0674917720808015 6.930890956323058 2.7765137135280336
4.908707049941287 10.456351236467693 -5.810613734570585
-6.545974494514162 6.0747973219066385 0.8249280137333344
-6.312718935303099 7.800250893559251 0.4744745465290464
-5.750939640461975 8.22334797101797 3.591454773208523
5.474254692645667 4.905832123978008 -3.9281000229688208
1.7701828274810105 12.183965147190614 6.190683248943641
-2.6418716971104317 1.0523435583872967 3.570948940217615
3.8650018912588306 4.817384189172795 8.089336868384686
-0.9121639630894691 12.290924855375446 6.981159788215101
-2.092936847651776 13.477776972935551 -2.588111544031785
4.186036012768403 1.0501266500871898 1.657816406960589
-2.6081515180249704 11.999135937661125 5.31463125914149
-5.289498045927687 10.972766743733347 -3.5162409917207698
4.384677289300963 4.219634950756261 7.269030179034555
5.565880772156148 5.791881222354311 4.576715633523921
2.6562497069702395 2.369711401801954 -5.195954856889645
-2.401573107723131 13.367798512498663 -4.030910516088309
-2.4389650573855954 11.497634670171506 8.089461851590565
1.0119463923502057 11.438559883701394 -7.912795927407598
-5.996891779774797 8.802873652088024 -3.3728903798071834
5.175937796981297 10.719384383193216 -4.888629817183897
2.473171635246787 2.5355198591685344 7.709596043979851
-3.375386555819963 2.3727980903584633 -4.712907787570514
3.352442166012446 1.0533386363107753 -3.6787996384726873
-5.459486740307734 10.677182368941136 -2.261611546742553
0.9272352372219602 9.775344754795285 8.089971573223076
-0.3555293911340561 13.457638571022384 0.8194069165562269
-5.41027230221551 10.648649338589841 0.12514056522804143
5.1497676093318425 9.604765776252005 3.0177064601097667
3.772214562173246 10.536932170939423 -7.4232097610146095
2.398269479493394 6.6380922218586385 8.58408628980711
3.646636222355173 2.8599192055473432 5.515149018534414
-5.796431153489788 7.291831411203688 -4.480639872261633
5.2879608918653735 6.56876591750246 6.4707846824005575
-0.31490219732653035 1.0535310126757216 3.398020181338393
2.2682924730318956 8.099513186914288 8.227076266380585
1.3149559443538743 9.1892561668045 8.864851866018654
2.2149411147069813 11.93340603447028 7.102306910800308
-4.558922327616483 9.760363732900869 6.709640750160191
4.968600820672476 3.8585857148570555 -4.180675996259128
3.793277175401771 1.051981909404337 -1.9947970338794128
-5.539478268518489 7.893246787781723 5.002988505159518
-1.166212832146008 0.0 1.725434033410218
-5.12036747565439 5.770821267791458 7.012190927992874
6.383973293879882 6.173193219158075 -1.366949977910957
5.956953544735934 9.310423116548439 -2.8469762483894363
1.300585928260794 3.8378298422008115 8.089972962520084
-3.3229738129131783 12.721186268399268 0.9305450034206866
-4.912024938576046 2.496300459686665 -3.1272225539065444
-0.3534860552174102 11.933904888217938 -7.659657120640196
-6.386351608906471 8.10980366819504 -0.3721827679512884
-5.391038837518124 1.870046175185519 -0.4467077445295448
-1.7279373392025479 1.0512254622261499 -3.321185920259796
-5.290417439321735 10.87871972844121 -3.904761257341881
-5.53727150925437 7.484643229253556 -5.055817439899822
5.7368536023672245 9.689803471614622 -3.488587701010176
-6.3911677828578854 7.7537383661785055 -1.4710553173548757
-5.068581161923167 11.5145518567872 -2.0291747080853497
0.2845382045174365 6.223696309160457 -7.740258506556906
-0.6227642056358613 2.68886250828966 -5.535103458867238
1.044571904670368 3.913972240460327 -6.53387259394281
-2.886056191361344 1.050427161700037 -2.00451882989272
-3.591023647933802 3.064908218942134 6.241176289306978
1.110661083812688 8.648446485410947 9.140001
-1.526999969671351 5.119944266780996 -7.156603485215066
2.2625792879072164 8.491502635497659 -8.17396318055459
0.3263268230087192 6.64703811203237 -7.8874589563716295
3.917950176891665 3.0102338109339737 4.978986961542521
-2.3172653127222564 1.888370387533846 5.239057275188524
0.28321059093121115 4.677728195033024 -7.043507169715959
-6.077440718196755 8.994064751350274 -2.6445176374593657
3.734276243798154 10.629227421694946 7.916024840447014
-1.0540684421910815 13.069988857819686 -5.920763171987662
-2.6009557203975415 9.119034080146866 -8.059917654173654
-6.196114699331623 8.931268699160825 -1.326402691636773
3.017024268158159 11.718153527965258 5.41167322861495
-1.4074833048511126 0.6661835695713352 -1.9868915966815677
-2.3908457287344835 13.37032133869517 -4.02364217264605
3.363771920793953 2.882799897301504 6.29603509219043
0.41905617929374456 13.639293066849914 -1.0128240404268187
1.0487877671542083 4.523841834821265 8.090003028230813
-5.48612033361004 2.465530397023078 -1.3455205570149988
4.912292811915267 9.303781007088174 6.2281281901204935
-6.03204937331117 9.306512593275656 -0.981689586945475
-3.0354927662738924 11.929414167137448 4.591200652640448
-3.8875249915215724 3.482682916545504 6.978433434889582
-0.895799656932372 6.713673582270224 9.140001
2.661881285937624 13.366484042795769 -1.8804089289588921
0.2210918498890745 0.0 2.0716655682036125
-3.7621648050908423 1.05025657141495 0.9506242801281632
5.124405995172339 2.9332989536541496 2.78072263478958
-4.6996538632150555 4.666315039026828 6.594426377126952
0.21543442291970502 10.680917967117114 8.089894802621794
-3.008034787513549 2.6700189617637635 6.7419261711085445
0.014553131514750788 3.906124645530133 8.089944909778831
-6.216184330793183 6.9524134947756515 2.070753777244322
3.739267604030509 1.9132163034161023 4.0411007688817735
-0.15797279360814653 0.0 -2.239625020547497
5.934808247490738 5.362868065782535 -2.402107922214307
-3.306854560409696 1.0501863705491534 1.578381008866564
-2.1428995174279613 1.0500011809450627 2.2705268651635837
-3.457729668401685 3.017542481359431 6.867635617943393
1.2765562344816275 12.042305778512047 6.1584980002164125
-0.6829869607304624 13.454059918559539 -4.579262990752275
4.928031194125271 8.018234296230805 -6.156924468105574
4.551480164798631 10.351214525477282 3.777253219287533
0.2698101690226943 13.146756403655852 2.6681260678126337
-2.574390405178596 13.379011106602018 -1.6105115846964027
-6.467976004417619 6.537521411279512 0.8844133572658692
-2.4087569347354676 11.977067341373033 5.854219795423496
-4.687024162120527 10.731880446672998 3.247815980659112
5.754325538636781 6.515591444348609 -4.290752467283674
3.0882835760292613 3.1161098234161795 -5.405871418726517
6.021686788192094 3.5924785698695767 0.6402895583823178
1.5293910337472456 4.7738067792404095 8.090003891029694
-0.579434215929002 0.5253894386342923 -2.3560554459403527
3.126949220987009 10.352081902448143 8.089896569665257
0.3424099774962351 13.386926545944288 -4.9282900737793
0.2657349109040576 0.052493104816225336 2.477112164558689
-4.7931138821978205 10.124528061921827 3.6415342211866415
0.9298322171157596 10.04416259013812 -8.45858344720989
-1.7623708257692907 0.0 -1.4365202809493092
6.402433714873701 8.063898910074691 -0.9518066409629741
2.2562599958124636 5.888633564109505 8.21234561526835
-4.554364071069061 11.275750180153063 2.3045699682114313
3.267511374015114 4.965283997227567 -6.43554666897873
-0.3131211900190522 1.0512933482524012 -4.882732677270186
5.215550682657634 4.321080262392383 -4.0564594358711155
0.08585546085622363 13.53670233976697 -4.237613025888814
-3.7454386499139183 1.5525327639521598 -3.8122273731010257
-4.696267567671974 4.864423433625775 -5.223228010156535
2.7609639860858026 1.0500410162853078 -0.10210790367903305
6.503295940057038 6.797381850353556 -0.5062199470873795
-0.21806177132147028 13.559046070020267 -0.12631447218388203
4.336029708631071 2.640719869704078 -4.022847426809551
-5.42353545255375 2.7632319549841537 -1.931644784217592
3.4277072667833792 1.0532687094553057 -3.550064291443094
5.05849104443385 9.724598392454583 3.3302469072750065
-0.7785301603836444 9.30595726910699 8.372046997827209
5.567948112316764 9.969762605318401 -4.05448727219816
0.3077541783131802 12.384192557362542 -7.170588963120669
1.256706684626325 13.649176746118721 -2.5417591046310086
-2.10008824088722 8.10407318031473 -8.073969993515234
3.7009940356194884 7.67322741946987 -7.389052814068195
1.3521439198482692 9.780426758863218 8.08996295284381
-3.6474796510223553 6.962002938309252 8.089724156659384
3.232179039948726 5.667231036407836 -6.829731028349423
3.6249166392038936 1.0550287948911783 3.2943426530614133
5.339014932859397 6.7409353407643104 5.82529813496296
4.066197423286785 1.0505382056597945 -1.0129678905642914
-0.0062830048434388275 2.7064565954174675 8.08982006117701
-5.121783521686509 1.3360263234656378 1.380987958948646
3.7739650500468924 7.053502673239105 8.089923724995788
1.4268712677585862 3.9164165205000336 -6.49246972635903
-2.7479456549372308 6.280833780973799 -7.35333983668454
1.8169843246486295 12.898837947307445 2.7329158549309867
-3.8574935737692466 11.521709986057491 4.067695931518581
-4.475005880426407 2.221323326893235 -3.481119606267001
3.976702153762754 1.7409128192080687 3.6072995044911385
4.79193585643855 3.159781029718798 -3.9203641560134805
5.307046145462785 2.2688438289020127 -1.8595780400293707
1.1410028993085861 11.622219966006334 -7.784389039295303
5.151087956716376 5.684564958311828 5.7729200069229405
-2.2345364956923683 5.673089999393819 8.08999202645209
-4.461873218610539 4.10709298264348 5.969331732531255
-5.093257379400413 8.893653355907961 6.079726032633567
-0.104108579260316 13.14328164598257 2.739786392646016
2.4489005983479797 13.180556471853697 -4.899386642288917
-2.51435621094993 1.0522153970981487 -3.776490554985072
5.916696948185483 4.707034835675912 2.688918790572271
2.790008562192856 5.378355409446164 -6.90123229455245
-2.8154654330155866 1.051347155113777 -3.0282535679450984
-1.0770070139249595 0.6428458347400037 2.2739597827574145
-6.080150647501373 7.842585734519339 2.1944345307293536
-1.959897722825534 1.9426326794045368 5.752216659813632
-0.25915482629012265 2.384865884766149 -5.735310829559843
5.663245336949251 7.9188985950149675 4.262119874082401
0.2597041857169426 10.569023231606552 -8.387376535027478
4.84101087793118 3.371941499106654 -4.026844336600028
-6.15827120092964 5.697430110313618 2.4775918837929694
3.83072133198554 12.039073599572198 2.308874473730602
-0.31672361881944533 5.276303606594307 -7.376081741641813
4.300730896511019 11.540966334735113 2.4631816204898023
-2.49733532773499 13.252486287746535 -0.36275742028099905
4.79431132793671 9.979940488303498 4.7669674130632425
-5.29403029902029 1.6592694834570794 0.7460863179847523
0.17601850900206434 13.208579654645241 -5.740050969431209
1.857462744855629 4.522054247328995 8.090000376833526
-2.2717598823236793 11.049536240101345 8.08958371636745
6.100485916457415 8.946431315710097 -2.5664245239899923
-2.895178300462834 11.980395520384857 4.724795729200905
-3.9421372629601104 11.371563580490172 4.227080952882062
-5.89778696668943 4.539080485881356 -2.7577191249475796
1.7404759188292935 3.1842828853772707 8.089899841062735
5.603829921976121 4.698890077184221 -2.8835577887157955
-5.565406505923373 3.2207061556577132 -2.0648429032185045
5.779265795465445 8.975410774098778 2.215976697680417
3.5342495408806416 2.7229403967601162 5.533744181175263
5.0157028401744155 8.464414380265993 7.914263428654632
3.5376957279000525 4.9527068916594414 -6.300414509303636
0.35002471297678645 5.644806899123435 -7.535242307643118
5.123109021178644 10.839074048901043 1.074561516053561
-1.4865619656574642 10.124566280966153 8.089937554609538
5.562851925071591 4.712035687301426 3.6232894520402197
1.645891784244716 5.546634773378047 -7.34417997288707
-3.7007545999442697 6.09336933690715 -6.880698978134622
0.5828202753245862 13.4610912549815 -4.597941954373749
-1.1985968227433264 1.91247610613474 -5.249661526011887
-4.873177171771857 1.7113790492404573 2.1607194336836533
-0.9202968591694755 4.817490640387488 8.202508563642104
3.1993206473438387 12.53181779046476 -5.975545400184712
3.132916539705081 5.139296077569274 -6.600231869018377
-1.5296746916879849 7.780244597073405 -8.173982928456864
-6.077851852616966 5.555959693242177 2.756659619127803
2.368122754907645 2.9650015714595432 -5.337860638633275
-5.309168416109943 9.974565472352529 -5.1722144166366375
5.947255112011406 6.9585920622595445 3.319782247227697
-4.7016712674332055 11.990020447529082 -0.9872796210651211
-6.360952057752402 6.1649291383902485 -0.9120271747695249
5.619146096485643 9.58700363501725 -4.2860875302733215
-4.553848218875696 6.866120341259564 8.08950588906288
-0.5364226590260092 13.687593339831656 -3.1958037401045454
6.299480923298279 6.1056308971841045 -2.7577018879096684
-1.558398528326597 5.735338256785767 9.140001
1.5177849997662896 5.1302007324933125 8.880988626645292
-5.44993371240218 3.4424691214927825 2.561636194358529
-5.329791175970236 8.39708088074034 -5.516727303257561
-5.828295969352934 9.844611751022475 -1.7269379416980757
3.0361322618272264 5.918456353772916 -7.0228794491791495
-3.964078310136311 2.7990705560030404 -4.4288440416535835
5.551545935581858 2.5082231333092833 -1.4368741559913807
5.274392753000334 5.3930300720294095 -4.677760244161773
-1.4619112619883665 0.1041297417205422 -1.8574578445307275
-3.90766256098692 1.0502653175269316 1.7296940563321865
-5.912010807994275 6.480280916412495 3.453601573667457
-2.734948038990196 12.865348680980732 1.4619235398179158
-2.6673395253559224 2.527490089313252 6.962456736296496
1.3309345955099046 3.4345374276712497 8.089915478303409
4.422075645691365 1.050930509391387 -1.111807924555113
-0.8519796221738423 0.7047673976124501 2.39077415714088
-1.7292301308421107 11.946431047142775 8.056337836345058
-1.9336541858919067 8.618776693947659 8.649863667168379
