600
6.06027997123835 3.587498935466667 12.79703364715491
1.2158932958767341 -2.8786114634360225e-06 -1.9257663645278242
0.9107207300632004 6.8898082377929795 -6.038008484080678
4.59040491338872 9.998129016855167 4.184682090390456
-5.916253178531275 3.6520263570684683 3.7451701414658256
-6.578071846389164 2.5158374004121824 1.653820659706953
-2.099744369645133 10.110409824983392 9.582882651885903
4.653046378149899 1.0501173284601488 -4.499249481387515
-4.584350612990814 4.884236014106483 18.445778526299506
-3.81788468154923 1.050457836854935 1.9604012484665891
4.892749155023292 9.465051453540397 -0.4580268648276391
4.888164697139576 7.308257685834321 11.46929301024083
-6.032923518648766 3.3256967526377954 13.049357970324877
-6.466929099269734 2.5975818148148386 16.213151891580406
5.16252402427053 3.685513481774204 7.9144140561941025
-5.498516399018322 6.335632378435661 10.164334051930798
-0.7460989753302689 1.0500333330136817 -5.395015666979804
0.49418253767501763 2.3817409041068878 -6.683646126711959
2.085398385779087 0.09676781838400161 1.0971358686167714
5.9362402864496016 1.0499962287625972 -2.5100793535917885
-3.3765693479742684 7.9756846574916995 13.282067780958506
-4.610362081611904 -3.077761521108554 18.447932016292437
5.553160659709344 4.810925397719778 5.70172227553344
6.451467444403599 2.9747458152715724 -1.565999298598518
-3.1215198716815684 11.580661121838022 2.184386425753668
-5.143386890151175 2.9714119737366538 -4.282965053270341
6.3176678914585365 2.6612759825939256 -2.1773073273577763
-3.9134347252183677 7.151521926615569 15.308518711247116
5.619404036304456 7.662611765659621 3.264319638607701
-2.3820180424356683 5.012553885361166 18.448685825787614
-0.5722472694287974 2.73630125515143 -6.6236593477174965
2.829765302066241 -4.980582900714888 18.09162685114092
5.6353848260929125 8.015101273735695 1.5446501429878188
-4.338977374400833 2.1378232161472446 -5.253896803574454
-5.255355369579817 1.050275352815043 -1.1707664092053751
4.176726956538189 1.5836138431001983 9.870135775876902
-5.549853314455881 4.916663185928043 5.49046506643188
0.9116089124407447 12.20506352996059 3.4542128851700418
1.518962652027495 -3.7529783852108105 13.472480686096091
-5.297502372813608 -3.1400303528089486 18.448201915830765
-5.573239772979452 -1.558742088777352 15.820622845399724
3.9957311989710393 7.91297176885348 12.345060548220433
-0.12552141446878184 -0.7776765819492417 10.803565094335125
-1.009642252263915 11.793268995688946 5.347406937577878
-1.40207857118878 0.9827552674615418 -2.0092708187148443
-0.6899109668445649 11.862004633238453 5.258707921515359
-5.28121369591656 6.137327083033724 12.826355292115352
-0.8399626873596463 1.3573520560345502 8.137215419010557
-3.3433607593935704 11.502036350114139 1.761477930488526
-2.945603153712714 1.058999091268752 5.593539310029157
-3.576621883557539 9.554782737125702 -3.5947005559154275
-3.6694603526823735 11.297756962875168 -0.05219069674646422
2.8473695887357007 8.372549844654046 13.031490850831656
-3.0793537582743955 1.129153211779797 6.110389754811671
5.707194936803531 6.690995453888447 1.9977566624442507
-1.5893597406343134 -1.1573170968675012e-06 -1.802763866937318
-5.500774156526856 7.930466926149586 -0.5915300813475747
-2.961545073323883 -3.9645877980199056 14.712330665913653
4.534925703150134 8.444558472170819 9.297427459824922
-6.391713648514802 3.6254480976740053 2.033978918865855
4.22217505046567 1.0503129689237551 2.255382073544144
-4.103349876494159 9.441905174861748 7.950353192383079
2.891747343393506 -4.358577556274364 15.576232825538789
4.044454985952464 -2.530897697443276 13.926332007399683
4.1578247924142016 2.5670779283325618 18.449937587796903
-0.8040752508386345 1.0500437584300468 -6.062876781218973
-5.367652386619471 5.078409948397527 -3.546936749390634
-6.038567565406061 3.9827321079714553 18.09573661240496
5.86875830171283 4.910146967088564 -2.306499119259331
-2.0077301289191887 9.996936398223276 9.986368964950895
-1.742177024099614 10.794138345524788 8.143255888093742
0.1319336219771254 0.6312064675955836 17.499995670842427
-5.438536024099204 1.1852693237026175 12.45715755822343
-4.090295542771038 -2.168613948446592 13.619733645645358
4.080181896415593 3.061342270195386 -5.4143474768577775
-3.2846681202391683 11.446779209607005 2.729339528699874
0.12981942208897398 6.769443191345732 18.445453144090884
0.6922671046509482 7.900799627077762 -5.676003182534922
-5.787579631013283 1.218261935108801 3.628177754303342
-4.223668266493924 7.29080097899895 -4.468510579549544
-0.16607608415772576 8.917422629249673 13.642828676839839
6.105974289753234 4.055077565010558 13.453502814985999
-6.537795867611463 1.736476925070156 16.29222427579327
4.722982174018503 2.3710851793932695 -4.882150606999442
4.848725487129828 2.806506615309634 -4.701762038073008
-4.493549907397541 1.0506496660373268 2.4073617323386998
1.8819793586689642 1.428393682154723 8.493437683452022
4.923817959993819 3.5159899059343322 18.44991374094878
-5.887187864309435 7.210656272923995 1.0294377062634932
1.1303741387357225 6.952176382506344 -5.987373510259935
5.382025765290614 4.829787614677208 8.485375414439833
6.058842708175562 6.350627235650068 1.0954016278644751
-1.7320933991471912 -1.4399289702069414e-06 -0.13062761110268703
2.320122678539435 1.6821270592700488 17.68688518739031
-5.913032484885585 4.158486405892737 12.469892200111156
-5.72660619140051 4.949879002306908 4.56873915409468
-6.02893335822226 4.211512966625765 15.675292737602728
4.655601069188041 9.954513976267233 -0.3770463585099658
-2.512044086595696 -4.402814313424656 15.02541801498263
2.9089810797562685 9.630315920310895 9.80482128678235
-3.842706603159629 1.0511605966935489 0.24958991720885831
1.036835684051046 8.004283652465078 16.814916704895527
-4.2905676139564495 1.0839529943817412 10.443118485203424
3.66896563128358 10.08964357678361 7.50000725000404
-1.2442277958473535 -1.776584535661031 18.449918067780434
3.453050956708956 5.380611012770904 18.449512979676197
-3.6531070349311316 0.5323699094747705 18.447922374362268
2.349302373919023 -4.941103147321684 18.44869786543823
0.5658588770539257 6.341906070368234 18.445512687891995
3.2257163937879043 0.934105268422983 18.449660230430297
3.6810565092445904 1.0500569169726148 0.8473519774240571
-0.47504612862030277 12.451795195191508 2.5111590101355916
-0.0398129954925306 -5.62963161280747 18.068816332079116
-6.66816592153701 0.5802368188051583 17.254388708771813
-5.524670048310941 5.814962805672852 6.46005442201447
6.407389087384738 -0.07715409323199862 16.52305597760142
2.378410451107015 1.5052952373658977 6.581506136629138
-3.5863772257924684 8.157023901357078 12.53542023913792
1.8132541997198075 -2.4378190869908836 12.337352860787847
-5.36548175702747 2.7166482540428114 10.624837434531354
4.573095158390755 8.433770811633645 9.22148280416927
6.594185834053579 -0.4900829864765534 18.21583715797305
5.305463260817002 4.4781982418565 8.49898994253821
4.915269058179694 -1.5585366201375375 14.198819934348641
-2.2663157767528292 -2.1306158106764546 12.216254982733153
-5.842632957787082 4.469901532739069 17.77487848127955
6.12310558555976 6.058390301975784 -0.4228315652308249
-2.278666337897255 1.2199214848792246 6.412777729978271
5.513048621767381 6.616826453617996 9.266630496083337
-0.6054285950977609 -3.3241499311288085 18.449971841630898
-4.697498881964255 7.096689487197626 12.601855531119913
-1.3089810432494662 8.077970660092184 15.968298586432873
-5.592754349132966 5.441114908649534 12.84077195825326
-2.3983324407255497 -4.563491295789966 15.245871673706432
-5.852886929850932 6.6775760636025305 1.8942422931304475
2.612026232723618 6.576952115540206 18.44803682905425
3.088111264796226 3.560274541167275 -5.940073404819368
-0.35155329659481876 9.714705862263301 11.177906881487681
-2.986270623953847 -1.6216334483155084 12.133739461210544
-2.4055546094372366 -0.4746642464091306 18.449994120671946
1.7823455914914001 9.11034584494901 12.46085166842759
-3.8197506296949917 -0.7060826716908226 11.846299344130856
0.2948891003924977 3.200658741257613 -6.640881574878583
2.4593741495824686 6.3183681588452725 -5.730007072778395
-6.056989270280772 4.881552854902838 -1.8076262685713929
-6.797332457336075 0.08008060009585134 18.437852714085693
6.497650364989995 3.37573998640336 1.6108635304223204
5.19887566568896 5.491245565603046 17.189927369538857
-4.681989743247309 8.174044311844186 -3.2254640464963904
-0.7438818871949523 -3.8337717687357693 18.449965017505765
2.336477323812398 10.401174065748545 8.471952825016043
4.976863683367498 1.3571227600178724 4.686688289198007
-2.693159384435054 11.834576698706242 1.8421144214467549
4.482430772329793 6.968912751032851 -4.189707034342669
-4.254984836392447 -2.0874545642440063 13.689825742466677
-4.568070383136607 9.050443071772063 7.611448499200926
-3.0882384273759667 -1.9847989122534146 12.529489426924656
1.605195559892852 1.0627039356078607 6.451582027657761
2.4961178240480137 1.1170910942404695 18.43581854558076
-0.21687486472363374 -2.319911310932433e-06 -0.5850984616380543
4.539646642815922 -2.3464216095435866 14.623454929298804
-0.0022196273723881603 12.473445344210425 1.9150188778533515
-1.6283604154161377 1.4415243633024453 7.0452281586124395
-0.679830834997746 1.8692994136542387 17.4999920171384
-1.6676893101115107 12.209622815615948 1.4433608525133437
-4.272072446478606 9.647139899134457 6.931944773502812
-4.221184675863035 1.0508115172997017 1.6936920261017965
3.7500491274045915 -3.6657415145261134 15.419671952851047
-5.522060641021617 4.091656399094499 -3.5061855973158793
5.969377474608139 1.0499554855976552 -1.3152313724812725
-6.41826843802719 1.1250428188754318 18.443574728475706
-2.43799940890141 4.692813500616018 -6.003011553948623
-4.924370976891996 5.700731253406263 17.904446435405035
3.588830961796959 1.0502328518954935 2.1835071353592315
-5.435774987155781 -1.2247884037881809 15.068640008003278
6.40128020375844 0.6393005744239264 16.071650898175694
-0.7117838674344361 1.0534704183541304 4.462217175174907
5.976689376550123 5.688366055213391 3.524614935362644
2.761629848648828 1.0501262430563816 2.053104658517267
-5.62868450715353 5.341317715553702 9.453977606403273
-5.924336639813706 6.51276183437268 -0.8571275499833213
-2.8210458209496516 -1.711970594604332 12.116042057903528
5.528568011788713 -2.2940193173711534 18.44268837167373
5.559242587820595 6.526872032156869 9.104726380239967
3.850676561750957 2.5785055304420523 18.4499993197985
2.7387875116870215 1.732876063790503 8.27512468870834
1.2331980658010893 -3.974381119962431e-06 -0.85430542867974
-3.9725413592771535 -1.0417100588075163 12.338326671950533
3.3687425381680027 -1.9465556485884616 18.44631478766878
1.588801168126812 0.9670104212434447 9.266313953976464
-2.027879736721898 10.340247263950568 -3.7456995034940612
1.5392570407466684 9.360899426947592 11.538983368482308
4.210105786206671 2.3028839272472625 8.833962329225052
-4.40995986906388 10.454144282726121 3.006499838950209
3.7063303822597407 7.951897457699158 12.861916007069668
-3.459154778624262 9.634523353957139 8.987237753789696
-5.536887860418184 3.806477548734688 5.141655859474117
-3.114905693974678 11.050930441320444 -1.9860240969043954
-5.987981532002374 -1.8397153194634137 17.697974306330913
-1.4617435455766135 9.018424775805412 12.767443781515864
5.567468291142216 -2.016241103795572 16.58903174751533
2.423927460203607 1.2381029847446423 17.884440309511124
-3.311777854807236 -0.5556462463934678 11.352850319813015
-5.506214069879827 6.3474814943582984 10.32170698440779
2.9834901113020065 9.353135837129248 10.363127786857008
2.512136180225426 7.340006721900935 17.630118998867342
-0.8285833801523509 7.842628475551949 17.509388917635306
2.6672482842738696 -4.894305494023785 16.698020496781304
-0.3952910760664551 7.983143799262601 16.832620003740427
2.1905221457388455 2.330516754342373 17.760077867990717
4.322032888500303 8.575525799090643 8.957897324258024
4.36260621086418 1.0500609338159153 -3.328560739915465
1.9295146253051965 10.262679125159524 9.199879888807928
-6.191635137054145 2.6566515952394085 18.448710482349046
-4.203553748051641 7.009253233196675 14.59500248618683
6.794781570549989 0.11354856773627213 18.331520511297718
1.5738445010312165 12.073223506684927 3.488963997388339
-3.667303785484001 -0.2553241339164191 11.293614262665349
-5.555552401715873 4.91440987532786 5.634032586376734
-5.11003877186032 1.1844926938007347 11.65247660074065
-3.7145411905041574 8.886302105057945 10.471596433613364
5.340942200946926 8.583282269678561 0.5081454363230906
4.036660870771603 1.050455138217519 4.584544864280999
-3.714988265152043 -0.2748597920710494 18.44819501171136
6.612782562822654 2.0973919657582916 1.5813514315735269
-6.517188695872088 3.2655762503672574 1.2510887791607652
-5.884067469052343 3.9592999449280977 -2.9048541893043436
-2.9765681212111392 -4.2286453602913125 15.22407443156234
-2.71364658095957 4.82841364869605 18.448659204837245
5.37426293791314 7.2814252138548055 4.157265975293041
-3.317934803435943 2.809520028445532 18.449023112229515
3.8379143311765507 1.0499554558536262 0.3690153587528091
-6.501599580892586 3.8227172016922037 0.5582721232940362
6.5040081363317555 2.497969710075306 -1.5799290876344698
-6.550821648041303 -0.009443813623032787 17.170030411070968
-6.656762192574599 1.9594722282368062 -1.0139214645453885
-5.596299193258675 1.0500206952102837 -2.0250697656970313
5.598392378021678 7.687779894495367 3.439784625975196
-0.8525227977993458 -1.630819055900771e-06 -1.9882731215976903
3.976137925213518 -4.12711720542093 17.185800843385024
-6.016501805952956 -1.564776688136455 17.300068388108773
-5.278550635028334 7.33275135758395 9.039996631480523
0.015226695830033608 9.520332119972938 -4.812826502299917
2.2448573019983344 4.755648347160997 -6.140944300346163
-3.8809174466600855 10.061637645518172 -2.702704205882746
-3.9964193878308003 6.77009734263077 17.376113843482617
-0.3075492962054538 1.0534911195214245 5.5703832884666244
5.823229425706242 0.14423017862707413 14.59853619901521
5.981054198172724 4.201754091758849 12.302813769595563
-1.7073427864382973 9.924888287392935 10.430318443960722
6.6622641511430105 0.6616945087501893 17.213473039352294
0.956102797330018 1.0500683499957837 -6.363595154432742
5.994062244623066 1.0499470614735233 -1.113079505120489
3.409170458188577 0.7792983488040697 9.956462247555587
2.898507513526486 1.0500453206704135 -3.079087647500674
-3.6818518136893728 8.326541181423314 11.969513848199115
-5.544790484715946 7.093913488280018 3.510036353139107
1.1732260013299873 11.210822837367845 -2.8725322843948202
-6.551660474153658 3.5017682724630514 0.1177931968585305
-4.969802925190098 9.146401178818229 5.259314021492472
2.3367189490437186 1.050029984509662 -5.0169902453588895
-5.150377165302105 -2.0883785998397153 15.392081099756108
3.983685209270111 -4.236329449337806 17.508084430193023
6.582297792939662 1.6957400537823024 -1.4820372537469275
5.0113040978290675 0.5808922835418685 11.94919816033481
5.445211502091171 -3.053581340129968 18.4432582312986
-2.0301299943969333 7.504543773027618 -5.522453714390493
3.6543151068481916 1.0504536843602097 5.105595154263447
-1.0269476857281796 12.32090350670102 2.754086961027501
-5.147192826037131 6.425287564915004 12.850866170473532
-2.5232324027944015 1.0500027798100764 -0.5175208084037988
1.6247394190607876 9.955521437048313 -4.260880941889035
6.700458318519583 2.3264922532266317 0.740078887244869
5.6437205055040724 -1.9880057814096748 16.728447871005976
0.46054295072379925 12.121202127713397 -1.2250903857518145
3.6235758828372417 11.242706119364803 3.2118683684546427
5.1956968970812225 3.944370947577938 8.156111949831821
1.2097219515518842 -3.6902629805704508 13.269489191378463
5.023400537493616 5.503814615775913 18.449714400827116
-4.512130504707742 1.3392736972897556 10.469365658238736
3.966131397200376 2.4420043857890517 18.449967275221017
1.1799177715339382 1.0500019063820836 -2.199603944118748
-2.3214430675532505 9.700347975504043 -4.243504470146971
-1.63172679834861 12.087116224379303 3.854486073387073
0.2882382893653596 12.11098316710924 4.302120881959392
1.327500141037927 -1.075105547432806 18.449905023100317
2.1841647697863054 -0.9817593716168863 18.44879194057978
-4.418041297975991 2.5381263605334605 6.424305699560734
-3.5546577533461217 6.955795369615392 17.569603719625405
2.1352304199861423 -4.736121536514264 15.070122565220116
-1.1165527658344416 8.521377456531727 14.512619328530421
-4.740313507475257 -1.7234039226823996 13.894658814382804
-1.6404498263729055 12.177316816993027 2.906613359942861
1.2570372855233218 -5.4230124693131 18.449939660215303
-4.409815629057276 -0.10939095646335345 18.44555941593578
-6.137625337274483 4.725384662576639 -1.5955184526635393
4.61360951945148 -3.284198214031695 16.63808781103839
-5.456297617417021 5.803956602523887 12.661470797151608
-1.4597909235967212 11.451875157684457 6.223262406392998
5.939390278227009 3.8212568791309827 3.6730749008140258
-2.862456071060149 1.0560900322829438 4.365493070393728
6.279915258660276 3.600612383883513 16.25315350486944
5.6569048617748985 5.508653948434699 12.751085278697838
-0.5706217279328343 0.27641544543184965 9.852543225402345
0.8848307672226958 -1.7524108299804366 11.589726583259308
2.6191965274668605 -0.268389167440125 10.69785344978618
2.7608056095256464 -3.0109448253162805 18.44810004689905
3.64502207714831 -1.9546828013101494 12.95778873806976
-0.5014978312700902 7.196845435803399 -5.956720370477026
6.050970680810979 6.020879611861836 2.483253028264927
2.911405673584789 1.2577857803074104 6.256253022523764
-2.4527017998393443 0.565674219919526 18.449994754561345
2.1068380958892456 -2.4766801465087718 18.44887030506649
6.462525199319448 2.376404746265426 15.57995679833625
-3.7745731488132974 0.9669267584146379 10.224227454764147
4.993743371080776 0.39881589152542496 12.120122052718605
3.409857348679911 3.834402129541887 18.449969594573375
5.492458276172658 5.686698413958898 13.198633342258859
-4.934138508713487 0.9621323226754973 18.446798172197852
-6.394957102245861 -0.7729831441286062 17.72864602318648
6.550011345951743 3.5330836606428844 1.2186471782796724
2.0873786246593773 11.188731970498415 -2.406777972715631
-6.114887013192732 5.440183334679103 -0.8303397107152558
-4.981717683024275 1.3592527400602392 -4.542466438851458
2.136948672207108 1.5103162303249187 -6.361451644344533
-0.6181195248125434 10.629523237184905 -3.666523869339651
3.508200972928626 1.050071461916117 -5.491887324200136
4.879092946083134 1.0499959804285564 -2.214376770180874
6.81212661722511 1.31735187212793 18.204287953805636
6.142244285592308 4.4599953096761205 -1.76710347382729
-3.303659067884543 2.0366700856529447 6.8983493685169766
4.582149589853318 1.050086430429461 -3.882120701961784
5.670470041743213 7.5976548586927874 0.25202989508942114
1.2502955637599642 1.050048575342191 -5.458155142038434
-3.5152035323804336 11.35626706963762 2.38961285939743
-5.839956771593564 4.275529436923481 11.953227085038378
-2.4277676910131203 7.60096432906609 16.871429078160112
-2.1701717630941397 0.5758302152693545 9.701836651265417
4.0528084322839915 3.910264949293348 -5.400408620295485
0.46500202980270783 1.2176611829955897 6.882865957203702
-1.7512122128940908 0.6893065666412903 17.499993978523825
-0.967312749374666 11.504829107225703 -2.3875650089582443
5.701165566029115 -0.44382089888146126 14.808868825998323
-6.591153832300467 1.2428874515176083 16.498654782629917
-4.216028807952873 -3.296484438031809 15.561039740225418
-1.5603635358820156 7.290957448734665 -5.7832152258968925
1.8609316779588443 9.180074911849081 12.212545973186526
2.753901443116924 8.491200816482095 12.841583175531923
6.202056379954027 3.5793675096676685 14.00507765547373
1.8230490467972118 2.733283219528321 18.450001420346084
-6.420680659246107 4.506718186159973 0.16778261959086987
-1.8876628918110199 12.15689876812966 1.366944348572539
5.867678584691162 4.73031013639559 3.925895887187061
5.765129229569262 4.923953237238322 -2.5221943947854375
4.15825729631032 6.749888471374285 -4.765211642436833
0.5359576086809862 1.0513973279230964 4.415893756226356
3.9051899531521386 -1.925679834530842 13.166301909701192
-4.6861696544353615 2.3091965855589915 -4.848478974396382
5.259844799377654 1.0505154442282705 3.6401483557100947
5.782743181433911 4.87333706091696 15.754733314965733
4.614204307575619 5.419492891806724 -4.611291376067827
3.861148726257315 1.050485664506695 5.228691517402585
-4.223442828541633 6.542600709367387 17.70978306413012
4.484239495372849 8.714924312058688 8.584094800473862
5.636348624533999 5.902361083981026 10.023082884831647
-3.198601987474772 9.35394151989024 -4.041152482814938
-5.347723349674811 3.6703000521711617 5.5315943732483275
4.2501823471904 6.650310020416137 15.982604950022191
1.9514408144974098 8.624375644438611 13.70564852562279
1.5837145943588764 -0.7314900664023717 17.544912283290763
6.294902091417049 4.205475180261633 2.3917051959378424
0.0944274283846378 -3.2758752254210364e-06 1.5057241456315797
-0.9870774695246786 1.0500480436039232 -6.464268166082341
-0.45519705705461355 1.050026337926662 -4.7460283859513535
6.314096852820462 5.450218002537328 0.23350420278998324
-2.264063961055315 -1.776991789298331e-05 -0.007056522874299143
5.687038699077021 6.518927017211333 -1.973488521203067
3.701669202740332 1.0500456511128238 -2.8510949499932545
6.704434315297323 1.2759816056884632 17.05807673598739
-4.565441978928392 6.600115390620588 14.96288473766438
-4.418766580950062 -2.998464235446514 15.460436331071033
-0.7666924798381793 -2.4158222100412607 12.158166095956929
-0.2455168019813545 1.051244565264829 2.9827335503811034
5.898901408463799 4.6578448642149075 12.666844644924439
3.7076386229304066 8.755741354049377 10.734347962948442
-3.2184366406571088 1.0500200405892428 -4.47126454722791
-3.8914759770252245 6.683674966764307 18.185057869055264
-1.8840597473659226 7.836226495428159 16.496392830434512
-6.3100430798544185 2.269947858709945 14.752555262067723
-1.465967970408298 8.380736922925704 14.644048318531317
-5.653103197973249 -0.5458550029197083 14.852119006809492
5.402914196553704 4.544846743862182 6.554319211012655
-6.397605034091885 4.238544355554509 -0.8911642861837109
-6.178336421373241 4.571067233483291 2.9113238543669477
6.800843136382717 1.0697110588173004 17.860610992883903
-2.2554567483154724 -1.3213982292613229 11.465402786999505
-3.1342978301366586 -3.459423709023579 14.156268379425871
-2.2132994358536684 11.97536477154478 3.0608407950085916
-5.13649917694796 7.124285265603736 -2.994925077858996
5.040635661147254 0.050701547513733874 12.560851169314265
5.899323911842031 -1.2718541147587261 16.421224787451436
-2.2621813571369276 1.050073303968813 1.4747374227491168
5.941767560412225 4.572262841514717 14.568360721130007
-2.360896299531822 -0.6489577703642648 10.889423103291335
-3.0995069074067882 8.619534577721181 11.971982880416007
-5.95751060664046 1.1375613325642113 13.930869256775077
5.9001710476834655 2.9307536397105953 -3.079672083012549
-4.637695023400569 1.0538943389389508 4.272739988553031
1.3893843005749478 7.014268498754897 18.445445753949098
-0.9623222698037522 -0.26755419776991285 17.49998822885802
-5.111073186025131 4.226814926207271 -4.0909556984008155
-5.772857507623912 4.943635643762258 13.43390908343024
-1.2937508155279946 -1.3768517075477054e-06 -0.9816894358768476
2.859048355824538 10.87724016568859 -2.5598542015444408
5.97529198936552 -1.4147218672793096 18.44261931561882
-1.4391727071071705 11.660428859489604 5.5141664011132265
6.358476040177495 1.0229302194088061 15.654974228385615
2.803076348525637 11.865614670641015 1.305998605859533
1.5290890973321807 12.09032420206379 3.4052188529608562
5.270590628412318 4.193859982975036 7.6716061177511925
-1.7070041588401557 1.0500120390391707 -3.5682673099071307
-4.839119338630222 9.10053804516137 -1.6610733762067609
-5.357583320857586 -2.3589870943850637 18.44994335150364
-4.240632140828677 5.452109361754297 18.44669449210556
-1.0386990718306006 1.0507334938971749 2.5116108784800812
5.689254834754926 4.000899589966564 4.548623934805017
0.03100819972999755 2.2546016922767897 17.499991617964632
-3.2617742837864028 1.426301671803569 8.805869783301866
4.518805858239156 -1.2012899695018884 13.168246750909837
5.529281429242165 7.732458222779839 4.085612169287171
4.516843456437492 -3.3760606662383155 18.44526190562776
-2.4067594535836054 1.3815958380445423 6.825323761409628
4.648703673802222 2.8166813460309013 6.000204408472181
2.340554739502364 1.0852715920529816 9.29054753298236
5.638650175136355 6.663299162148243 6.808826784225282
6.372598286639673 2.9955226905626 18.449380043670256
-0.9887864467249007 1.0500398393115622 -5.976424665035824
5.901697570555924 -0.2737192406275852 15.216790857875848
-3.4501708083552005 7.304817900029311 15.846111539339363
0.7064398663469911 1.6751853493681987 -6.716988904445471
5.171413544975152 9.175533585264976 3.0729041315900254
-6.225637416733053 4.988607389449895 -0.8306166783587476
5.64978095581611 4.967050157968087 10.156773509257098
1.5601833542194283 3.670911338198267 -6.486750449882909
-4.743598441855741 1.3169307105561758 -4.817835564662711
2.2259043766671534 12.116197000250937 0.6144282915443188
4.960746191813168 3.5789046695961733 6.373332067124168
0.5017202645350005 -4.156115408505966e-06 1.052768725010217
-6.431037126534184 2.7118818845623083 15.968415114795148
5.79982997312899 1.0202232968080447 13.727752698821098
1.9750480240691752 12.048411489861568 2.9628358536692243
-2.0704437086859127 1.4659388702728018 8.421796408410815
5.642725448241704 7.072963460025542 4.9791341095959725
-4.934186805091839 8.326693094610091 8.089614558422603
-2.951744659963361 8.3430007594199 12.925026666384703
2.414851763750161 10.37335114907951 8.452831445274628
-1.2085942669646903 11.678513344431087 5.609219991936698
5.139797075532608 2.815317154518525 -4.252552017925083
0.7942844842613086 10.411503429443583 9.470107098901506
1.7083490895755706 0.38171169952747325 -1.8051602143691365
3.8655178783639763 1.0500924285891102 -5.31303884195565
-3.213459842710933 1.0502389931071328 1.111340766802845
-3.0719669457081893 -0.4602251749584334 18.44998668839577
5.628850910091178 3.713915803295191 10.83946662471236
-0.4805168485564077 4.538883465759032 18.44940621416589
-6.4237923558956105 1.4841174381246651 15.638305475807165
-6.040920823745399 5.524620315465338 3.0074549897802028
-3.923778630681893 9.43489540265648 8.489278521360728
0.7715254086855718 11.22915565460561 7.357968181445145
-5.302563865657381 7.073295290560328 -2.691917509965186
1.6951330499123938 12.231945769513061 0.19786356820000864
1.2678758496872171 8.269189444280508 15.24754633189517
4.211829817311727 -2.123631121039802 18.4448614504543
5.91698852955597 5.758173451504399 -1.5546049728375821
-2.4116525181288684 2.6542006172257873 18.449688538988458
2.9533092289361815 1.579643785725878 8.749962645220307
-0.8761684599790112 0.6591287633435475 9.435391765338764
2.24720125614904 9.208787753823797 11.691919744229365
4.86748090034859 7.146803292832199 11.97446286911832
-3.183784790919698 1.0531249248892127 3.522936497656351
-3.4419288169861337 1.0500089028597637 -1.2434243508667826
-5.665709902183811 4.783840248874514 9.93548498579156
-5.615427634614061 5.117436038010275 5.354313397567088
-5.774302529031103 1.3282242673749227 3.6849406067489507
-0.7567852514442157 1.1828699127737663 -6.582060919627527
5.347991259506878 5.432682285887294 16.037675371552073
5.752172553056522 1.9786282318107702 18.449346956077314
2.484601749324991 0.5800077033890478 18.425205099684334
-1.1342557834456115 5.364367797670354 18.448852858062814
6.056507553648789 4.18440027687703 13.063310415324592
3.6876158272843544 6.062304294332867 -5.309100187349762
-4.4586652329908105 -2.52987064006234 14.710106229992077
4.686904116067369 3.011563073270232 -4.865348362167392
1.6347682516335604 -2.176230309385392 18.44943057387999
5.145921643747344 -1.0540105698614965 13.90257388882968
-6.586411820660352 3.2939445198986514 -0.28789416124197764
2.815360183333386 -2.0444830612687572 12.41075503475932
2.0259472334452364 6.284960258897727 18.44773491321822
-4.600117829772849 -2.0287595390988336 14.117460644031283
5.658964972736256 5.33538323977611 10.723940481210196
1.0709826090318564 0.09223758676830986 10.012175544223462
1.9509363114096674 1.050037478567398 -5.254195189008564
0.2591537268589402 10.65112006348949 8.97943786421206
0.42322170091004874 1.459687117543745 -6.715712512657761
5.1502937381781795 -1.7578907387033735 18.443785259175506
6.851649484358068 0.9061570176439117 18.23313216121788
2.6906195826346715 -3.4450982079291426 18.44820724997604
1.0327490711441463 12.325685797726072 0.8489534929404083
4.684918979176243 -2.157733854167171 14.657985328361987
1.9755210013190176 1.050003860571283 -1.9935898094988642
-1.445839210380624 9.910564446396041 -4.317879376313491
-4.435622746548519 6.449555704145046 16.902439515271535
-4.4885146204414905 2.5666879838142185 -5.066612913884972
-4.0439539216044285 9.660541429686369 7.559071524161394
-5.296831049354818 5.240310750464704 -3.472259674055273
5.310494037041026 8.549848257390964 3.8894237389617587
-1.3868433761196226 12.172009480519607 3.5737579902772154
2.433493874095755 1.0501632802705356 3.0594679022714732
5.95608355314215 4.996349894317454 -2.002910609159199
-1.726299017942163 1.0557677617830896 4.701443242919274
4.643124792170215 10.155901198818247 2.6616241551504274
-5.672552796161613 1.175514117617981 13.041529209373639
4.711583463881759 7.815569921441801 10.551991979974154
4.744202567404056 5.849456492518995 18.104606474132353
-0.508397415269685 0.9334843540053567 17.49999365922337
-2.4774056465634806 8.482016574274184 13.516582630792835
4.8502519428826 9.598582258800999 0.06348301003711102
5.259096062059679 5.935259424541224 -3.1382361959144247
5.131303859522268 7.20569367359859 10.685785198624245
4.3983370266341835 9.138425004278472 7.8003063292016
2.0457827390614747 -3.5270827930991393 13.41840286943437
5.488852069464774 0.4672984028411582 13.34404276269099
-0.8529164653879762 12.153030166567943 -0.7427453933829429
-4.96615460219274 9.35399301631728 4.463718830004067
-1.5087243184340742 1.3857457126421466 8.452785642266337
3.3902025040406416 5.953230335872229 18.449331911990495
-4.398256961289433 7.575030194111912 12.15436747901164
-0.7562897953362867 9.87320354348921 10.739708927030819
2.504866862536678 10.844318612929401 -2.883997650443203
3.0446785149337203 -0.23649582494474647 10.778988044598057
-3.417395754103176 6.024529390132614 18.447796422422666
0.31674208209633054 11.284164274788843 -3.0143235803955686
2.213633726230978 1.6152148972078266 -6.337176786917667
-0.5912497333258829 11.87323645291006 -1.7875407801917382
-4.617748272103723 1.0519128625139869 0.8279741447888493
-6.779978054193422 1.7305091355333166 0.16064258744107707
4.789365768864653 1.049987600237089 -1.3764992856939346
1.227907317313005 6.007072772677473 -6.134622510217788
3.9156002981811 9.872454638395972 7.467476870620097
1.2833124106275893 1.0500496054254342 -5.532773613245942
-5.2217292426696575 7.871792588445955 6.59481594030756
-5.40160725798148 7.4733432410192275 -1.891755625864695
0.30569646023172553 -5.193008847124142 15.270865876994963
4.576469052735667 8.232388092548254 9.770670847446858
-2.6056524965975822 -0.6887545285980062 18.449989888278974
5.851373058548503 6.62877915964968 -0.8982266217136402
-2.6262664208457243 1.0500477107623158 0.4892482536778025
4.699785211511906 -3.7701161826073264 18.055221858012942
2.965536458185105 -4.382885036790751 15.798200249855569
3.903510783148097 -0.08094899753993429 18.447178604123312
5.462751855204409 4.334585861665288 5.671120656776485
1.8716122395401622 1.0500563568510275 -6.233042483428781
0.9125350193652327 -2.668264733747493 12.359975064654002
-1.5007661458877912 1.0500195084020651 -5.015780307500317
5.802813127916187 -2.3985097581770822 17.82344519674293
-5.262095706041773 3.0838757281747946 -4.085095656443398
5.459168317171806 7.41035240173815 -1.7549618430140108
-5.800526134158788 0.20994035128280167 14.397710274262751
0.3172125545645635 -4.659292849154699 14.307479781997895
-2.514344833404751 11.253796463715164 -2.159667393022954
-5.661725520164083 6.076980627153536 5.326109657111803
6.231268416201792 3.3886079504621587 14.130385074644133
4.448168720910385 9.275364044839108 -2.6673667321209455
5.764139839899841 5.983622220999562 4.287639829310215
-2.2718484372733454 1.0502804376288775 2.293050618663725
4.553707302105731 3.08319304422247 18.449930686001437
2.531832342611379 0.6942927073095811 0.006520646589233193
-6.1637022344613435 3.8697403081801918 -2.208942814002222
5.758779734408518 1.9083532429409071 3.826756543636601
-4.678252884531123 8.991503143436494 -2.249661094447558
4.132439282826255 10.81303682644738 3.1645416558538586
-5.559470929799386 4.810020184501153 6.543881466083514
5.12496867625343 8.632937382714132 -1.51976552407506
-6.3411946375885195 4.331544218791989 1.5855195547836636
-5.999572234236377 5.969851987300144 2.8209634100728165
-6.684476500166972 1.8119930895135992 -0.7518309508837057
2.368202753993306 1.0499988341302249 -1.2672143332998185
5.000268192529389 -3.5124771738023997 18.24134062169521
3.993432374290949 5.15805138198548 18.449661659903878
-4.781052425450538 0.26624925513319025 11.936560065319249
-1.5513611266290406 12.19685932294479 0.1675431823221465
-0.8220615207302974 7.970615307019713 -5.559962096043568
-6.012161311088089 4.042479470791685 18.12186406728164
0.6735537258678357 -4.7545968091701845 18.449949856802817
4.91643441154604 9.617188014857216 1.8618058888547329
-3.4531445654937376 1.0500274144355686 -5.724148823072691
5.8419562063497965 3.875558900180709 -3.1175143832390213
-0.33520662333469226 1.0500243835490493 -4.533845803630034
-4.376344109512878 -2.6347923210375166 14.72228557991123
1.353071962534902 -1.5105230038528579 11.476078363184278
