600
0.4969977970038753 -1.7238467475781898 3.5395049927928808
-0.26486389058855747 -3.0311412481025797 3.0361993718962057
-1.5912428737039856 0.08679284029650854 3.5341640778558623
-4.552168904001646 0.7271387467700497 1.6200687094381196
-0.6152838974984218 -2.265467075023865 -0.8550745199347249
0.020906621648169275 4.50158823252766 2.092529610244327
2.415866229069149 1.1638803620659257 3.5435957843809938
-4.874571258352513 0.19329838559144288 -0.2937943329608142
-4.156155352663172 2.6489444230405117 -0.29628394818044496
2.741657756318791 4.347347686047283 -0.687060526674649
0.13231951832076255 3.6415875811121947 -0.9496656668242963
3.2020550372664367 3.012654122864109 2.109364537831247
3.623568225007641 -0.1396898127521206 2.717885503062135
0.6385838532623849 -2.3539515806049405 -0.341066788468072
-4.9886895393457955 0.015278605348927055 -0.05370884546803331
-0.4498305694350158 4.84369115345907 0.8809111258792359
-2.9552090045923904 3.944730647854548 -0.9493097413476759
3.0958953031988297 2.9517729309991516 1.0513106939553591
-4.037100979657795 1.7083611923293482 2.368991631094868
-1.3822292516578298 -3.1650436452132973 -0.9496826884757561
2.2830144303368765 -0.8225982782586165 -0.8785180951611331
1.5060054379656176 -1.01059012832375 3.5407637684326
-4.805184360767263 1.6362536236405223 -0.27849828676557636
4.3659865186593425 0.8048335555263035 2.235600645989867
-1.5198835956778078 4.755302164864017 -0.5281372167819466
-4.025419909595636 -1.5909972240989605 1.7338270219310326
-2.4095590097814505 -3.821145202397301 2.037367528623001
4.144330598798511 -1.078277012880436 2.5601824106814752
-0.024686792587946163 -4.983259481501575 0.6129828380982161
3.8794765279723755 -2.37007075232262 1.9705797973056276
4.914371353128451 0.12999954205050232 0.8574957470823662
1.3960765849739272 4.578650525045427 -0.29302236300690643
-2.0614099912071007 -1.6140760110961279 -0.9275743512785398
-4.747218990548698 0.507200236611016 1.1786008083231472
-2.1709731128023564 -3.1794807020591946 2.7288643090297167
4.007476503487145 2.83776742672601 1.0450642245138893
4.256126469350526 2.3670925680319463 1.0500058558344825
0.7298815813601833 -4.53699873553637 2.095832917471303
3.1357176348171043 1.6719976684258644 -0.9497909413400981
1.4361904200169135 -0.6447893887089121 3.0956892553040944
-0.5734724473354886 0.6485299843470091 0.040001
1.6789238193470752 -4.925848482564399 -0.6794361445286213
1.187074649805322 -2.42005152390337 -0.9498932102550807
-2.4356087195456353 0.7059991534299183 -0.9499838217282803
3.967205419702123 3.1956404209269387 -0.2899803256104487
-0.13289522469155934 -2.8320510887958514 -0.9498963990421395
-2.3477663202017327 0.7760380915471123 -0.6133248679988273
-3.307146126885975 2.7640922231780864 2.155938060378043
2.2720301709583937 -0.601591662126796 -0.3759337584334366
0.04662591766487908 -5.045567561608867 0.24533626417540078
-4.147836826930589 -3.066317263709531 -0.949220352846539
0.7681107133109195 -1.314092654148061 3.4460023483479945
1.328571413317563 -2.970458996380561 -0.9497436638909378
1.9278180098449438 -3.7884315305402434 -0.9494645329279963
-0.7874120418333982 -2.9510719713543363 -0.9497985291060256
3.532672315410406 2.159197237445894 -0.9497417844376761
-1.0660015783691397 -2.3581151021442808 3.5373584873975705
-0.5466081839026735 -1.4563513029870048 3.422173766680291
4.882341528126585 0.3561637260597604 1.0503370372562901
4.609271816106945 -1.6724678834009243 0.9653758993604689
-4.523995848807118 0.6082362760155688 1.1062373756335233
0.7949828039786077 -3.561265766606869 2.777313755683975
-1.2758833279999624 2.659896890676463 3.538968941871866
-2.9683572689559146 0.8239469550424372 -0.9498357351305111
-2.720154077201162 -3.4246968133495015 2.1563651079373907
2.7417138964189554 0.1707205707318415 3.543694791460519
0.008009175705782877 -0.6945331614443684 2.949995
-0.4269491126576581 5.099224789660188 -0.41390688884151416
4.98330545816386 0.8769473929992947 0.24654060473997394
1.511288146956927 4.335454533340819 1.5221640776221927
-4.450357791014755 -2.3627036726112447 0.14762468129320416
-2.608502501076306 0.8058971154974097 3.53976267082557
-2.5500133382851016 3.8942485500980997 1.6520138805457552
-0.960594763458832 -2.767661305212024 3.538698116247172
0.6442882340926065 4.250546405714418 2.4555381316443796
3.3334815405745464 -3.548552787963037 1.054368317727137
2.000798325989504 -4.1369288830534945 1.872064454304529
-3.76342517660661 3.210181725411701 0.023665531761661196
-5.0303788353243135 -0.5022301842614142 0.19539511172901683
3.8126635807830436 0.4650999211332399 -0.9494990902271655
-3.2841857869927735 2.784768269795985 1.140967958719292
3.3502071868997216 2.144426836401297 -0.9497905301034698
0.2647260463383989 5.157421879129386 -0.5565247079076665
4.233275205166344 -0.6562388937330074 2.531944377392975
-2.0954191965852593 -0.23474620832948917 0.040001
3.847453021067316 -1.6163948537926778 2.6217588698294327
1.0217584942879114 -3.451035478564278 2.7941413273887195
1.5131915350170904 -3.755550745214855 -0.949532835187564
3.571445191646726 -2.098561523217669 2.6765555072599287
4.468400534316933 0.6761279255534735 1.3506622169012843
-1.6669781529264294 3.992856538811292 1.9077500368336924
2.7164467682945816 -0.40978709156238685 -0.9498539108129604
-1.2166457581848171 -4.741664331983064 0.8695771587824802
0.7797544693260254 -3.138599887252349 -0.9497833592249278
-4.889892523626487 0.7563494070209432 0.19032317807659757
2.1050829813289536 4.710153470788668 -0.840433360600044
-4.890898503846454 0.6676964376302428 0.4127547587191511
1.5369459006108428 -3.892707821696454 2.6727890315080014
-0.5752897050828255 -0.11412568128548306 0.040001
3.135068107426639 -2.153293232633333 2.747852663012999
3.8570819631970754 -2.7447035966039364 1.582010395294688
0.9054351004216483 2.1217712617942213 -0.07715824975403954
-1.7171560263696206 -4.767840004787045 -0.9492092666141184
4.160724175351785 -2.712147373784052 -0.29295462111124887
2.9056308184767103 -4.156108999825663 -0.3849981388932961
-0.08613204093989024 5.228015424181647 -0.5218851930787591
-1.41341228387858 2.4855224895660832 3.540275022545382
1.7246392733301075 1.6257653633825995 -0.20830776007564572
0.38959909482987143 -3.560982981618431 -0.94969333065013
-1.6886658536125654 -0.8741215102943672 0.040001
-2.4760311335942946 -3.726239305490062 2.1526547152183535
2.287108204627514 -0.2715173607784182 -0.595653948108697
-0.8610290634985769 -4.8345045905285 -0.9493121295854279
-4.320857675683328 0.708339462887982 1.4410959888023605
4.439600217573042 0.8071312347703754 -0.9493212927160812
2.7691221970355313 2.4849378329003367 2.734084003371882
-1.6420349762052353 4.215144894693684 -0.9493860002475464
1.3056355099837678 -1.9239821786618785 -0.9499925040209545
0.2512591479447758 -5.128032944774865 -0.12032930271102238
0.11493344309885076 -2.474528426913099 3.5476379022897415
-3.1071762788752286 2.970317929916948 1.8979196321718386
0.37054791421791444 3.1271332644417367 -0.9498072829842559
-1.6725090627816648 -4.159435995295813 1.2487428216405794
-0.27778536209965843 0.1329386190957984 2.949995
2.810248107116668 -3.8583526290775363 -0.9493156773289683
4.279979001437696 -0.6792753730552888 1.7119285287212533
-0.234392157615659 0.12336811420511368 0.040001
-2.109597874247591 -0.4660144429708692 3.5467106804155595
4.615684440865455 0.9077983226789756 1.622434206242431
1.7751766923207717 -2.4483823336711676 3.0723365122705943
2.7347518964747133 -1.8412286023318216 -0.9496851862360425
2.2168009180633046 3.0291630961217906 2.738181384487486
-2.35762737324456 -1.6806260168602132 3.5462760541165124
0.8710357570133134 4.657416369057195 1.5927896107936979
2.156302856613667 1.550554525478351 -0.9499773717624285
-2.151951950376837 -2.7023937542439977 2.8163045087463447
-4.943913070755405 0.19648904329536593 0.4857615775913602
2.111703930063036 -4.319506973984524 1.13012941286556
1.8550224999577651 -4.687778454028477 -0.9492633947225259
3.5680349834409464 2.536573289765362 2.0519558344070115
-2.8731479602444434 -3.1339794355942336 -0.9494722435883002
1.9469126733902171 3.1419554607441724 -0.9497528704918952
2.4025621245571562 -4.3593097460152785 -0.29666564423368247
-1.8421674951541827 2.970986802142516 2.8065868007718437
2.4681050722211264 0.5011732022883228 3.548478893112205
4.627965592916771 -0.9266259055178843 1.576481824513734
4.965205703154098 -0.4533555850668872 0.5721166690246
2.00968592907161 0.3931765102753999 3.5388296901179075
-3.5206774050373855 2.5479439051934456 1.366868698962878
1.2743987159323222 2.0226334467286065 -0.9499862352264798
-2.6277656636909947 3.4770257226933228 1.373665273497161
2.9016447146572926 0.8815519681737507 3.302436620173314
-0.5058287022066454 -4.86957469597803 -0.2923688755491799
-4.835884191871107 1.1279704856102353 0.4166024611840393
0.48798471253597614 4.892228879340845 0.4370544518452082
4.3004300550917645 -1.2896805691793036 2.078099511274758
2.659027475487654 -1.7383171123264034 3.102530756903626
-2.4449487090969053 -2.0868716831850738 2.8467990660047424
2.8143814773074247 4.1715611718346395 -0.09214520578407584
1.6920986915650207 4.066708896728965 1.338368872329497
-1.5112823724287676 -3.153380511902462 -0.9496723219053409
2.610956228755603 -3.8999160854756383 1.7261047636605142
-0.13372531860522097 -4.912050694473536 1.002944130694625
2.106574714776025 2.2808677991661517 3.3917033561808934
-0.8016346498351802 0.9852273290475232 0.040001
-3.716117607264459 -3.2814569270780956 0.6512614504588258
2.494833004008942 2.4422229460067038 -0.949872213659937
1.702369697491042 -4.116722890392651 2.2765698363714963
0.5733718588273019 -2.2297614237764916 3.5490806190747204
4.134156458704553 -2.4663905005468485 1.3287994463765496
0.05591737824179686 4.416290535900263 2.2503314557972596
-0.5593036322072507 0.8582540592125703 2.949995
1.0259821587887032 -3.1765899452488484 -0.9497389367764435
3.864420788636503 0.43617922999336023 2.681928767398918
-4.04608898674523 1.8232944811595448 1.5866296935978679
-4.3406195955250615 -0.4209402322978073 1.7335304666894862
0.38109672632515407 4.610030413727417 -0.9493471507173273
1.4312997411709014 -4.967306259627881 -0.7141542550350414
-1.6765132475242996 -4.360298698566833 -0.9493254213703142
-0.3702958048289444 3.035554077697015 3.3845736295356934
0.35751810236870973 4.041335264632133 -0.9495250674962605
-1.8848845187985142 0.2598709694681369 0.040001
-2.66138731180532 -1.5556088937515107 2.849133256261456
1.7241223647278356 -1.669307956985287 -0.4083857445380528
-4.68548830117244 -0.8150136009565246 -0.2971503076920342
-1.494248143879745 0.35477157827790723 3.375587262927175
1.3118812049226047 4.756612433826484 0.7255658534504337
-3.7834217067989915 2.344655638312569 2.191084360688609
-2.1853247253192225 -4.506916865562181 0.6411247072168567
-0.6937335897803237 -2.2247116797009503 0.040001
-3.1009351342626648 3.889098914192789 0.6712060380638568
-4.773760296038333 1.5615663436335254 -0.29739299757984644
-3.4177228801634705 -2.7734930442420884 1.4252543870944359
-2.7929444363463323 4.11624394601464 0.7528971663009297
2.5484816632776037 1.4062027062030504 -0.9499205363328221
4.929848991927797 1.06675794259445 0.3177380302077056
1.8567632246142884 3.3640024197143674 -0.9496742084109354
2.9882951960701223 3.070972317781064 -0.9497639453339608
4.277397159019865 1.62947350691791 1.2141633412730146
1.9440257273720396 4.577530545906811 0.6260308857450819
-0.9377697911541604 0.2689247460901264 2.949995
-1.5188555893239617 -4.344062158356218 1.7788714899529119
-4.010973750221981 -1.9844562772491712 2.3199183655912923
3.466774219201558 -2.2116993179740807 -0.9491476814399343
-4.370623235768888 -0.750465523001014 1.6796536401921531
-4.280189255562272 0.9442124699780476 2.3694651150252497
1.676940031145358 3.958926769270151 1.9236121566535216
3.546939614764778 -2.57234392215405 2.1299359745990296
0.8284949986843285 -2.5675996935390066 3.5433295627615533
0.3664133502442635 -2.532666544363269 -0.14151704726812955
1.2323228781172637 0.4887006627972838 0.040001
2.635440430490896 -2.734295129565227 -0.9496069419506056
1.997632444905588 -1.3109499554912554 0.040001
1.2863691887172048 -0.23482931582545843 0.040001
2.0782723765219226 -4.22619731553331 1.194844097333197
-2.373161790336676 -0.36666918546426497 -0.9499605841911803
4.095843747981425 -1.8442971508333783 1.684669014929994
4.423040973880881 1.423491676423317 1.4824188398329365
3.3616074732379606 1.8034705251036047 -0.9497447447547355
4.599327718711735 2.1244166509805416 -0.8627221584099478
4.170740854389771 1.624003012360779 -0.9494979600418344
-3.910998956785182 -2.2144988422459106 -0.9493974636638379
-3.0954660651580244 3.016536319488579 2.4094409937907164
1.0826130945897472 0.8448195933807887 3.012271251010207
-2.8063637329557753 -3.347393338262228 2.3160873370129087
5.030554714426017 0.5076313073481313 -0.9491199967872671
-4.3333460064715865 -2.7581311380776232 -0.11882935787199106
-0.4240590668079353 1.314901902075413 3.157386046963824
-2.6391205049207898 3.1969622798342314 2.5732408669853704
-1.8503674486494772 -2.6197044816072395 3.2012713426734374
1.6384168419294496 -4.359648525301829 1.1355935578353962
-0.2715516470667202 2.462756207969094 3.5491495289664776
-3.1743104557830506 -0.03135833624968323 3.4370565804158737
-4.394691807942822 -2.4930773158838813 0.15634959795354622
0.732210068462318 2.266970821309749 -0.8612617122804639
-1.890499517756321 4.026991435960821 2.029694944294806
-1.4410537619748645 0.29001739046505426 3.151758989885609
4.104853768139245 2.0698068051200815 2.1929335160621224
0.6762416719290216 2.33723017670737 3.5442350673731977
-0.19919876231010875 -2.4514621980359657 0.023080710844362903
3.4467007861607666 -3.453844805022354 1.07199736233214
-0.33001129314726846 2.3689711169498535 -0.17818198736554358
4.902882879183518 0.9012462210865432 0.7057224755056639
-0.9472155486222843 4.859527692219815 0.7560452483014864
-2.41392897932834 -3.7681636242855303 2.1401669986414675
1.9550895020097623 -0.303493805012514 3.540965148263988
-0.6367762335242386 -5.0950476553089015 -0.29917090725434337
-0.9190461252075639 -1.885569439680148 0.040001
-5.150374192307306 -0.3299554098742137 -0.736708904915526
-5.056120102298067 0.5608893602681387 -0.5992968181598324
-1.08592860568077 -1.610491722191235 3.5399267985197316
-1.3526611884507491 3.6911871961348 2.77873675086942
2.4865067375961654 -4.25107907924774 -0.9492716387666722
2.2003560287009982 2.3168578492604066 3.019536989394693
-4.083251844682119 1.5440636843313735 2.248239381528214
-1.5046548836572684 -2.0130368838073744 -0.3680534885785359
4.274413882823783 0.11555786169461556 1.055446322923686
2.075754060014565 4.302203416439262 -0.29214685144228364
-3.7614405456426034 3.23366012267862 -0.2712186706694725
0.22468749245667213 0.28283949150997645 2.949995
-1.8240958945661652 4.654545030346847 -0.5459271728160823
3.5944353487007588 3.483823750315778 0.33010408246938217
-3.040171233317334 -4.131784206462609 -0.5289093955588026
-1.55706661625902 4.036900967506845 2.409944347292279
1.4302104306612096 4.0452480882558 2.519003837436831
-1.4240008967833298 4.289068479281342 1.7565158215883836
-2.283629775839846 -2.119803385755715 -0.9498363519834953
-3.9619093378515347 -1.654007498034904 -0.9494554902093537
-0.6875190126331411 4.776268772936165 1.1989999730108198
-2.1040472763081977 -2.02439770325286 -0.9498896801778711
-1.5114502226225548 -1.2103650902633383 0.040001
-0.8737869604452213 -1.7979017264560078 0.040001
-2.9461583147838537 2.1419591292989897 2.7227971839081944
5.153859332499329 0.6960876642663084 -0.7756886134762659
0.8993442141001895 -4.137769016781995 2.6100367232996615
-0.13506896450422848 4.709152998672872 1.44903266099428
0.7066953958371185 2.270853038766507 -0.5473814639103758
-0.03131554013166135 5.156322750357959 -0.29867140161919087
1.7981783877611748 0.8180388357624977 0.040001
3.5954117999454955 -3.449590064738998 -0.29048308268105477
1.2061363787133004 1.3899776625670206 3.5452637432158616
3.7970174019998595 -3.118078582934131 0.9865552747112748
-3.035285738916689 -4.163648401542163 -0.38775046077082775
-2.7123543628346622 -0.2453544055299889 3.4522131505804583
-2.9816834354259045 3.125543614580131 1.933910127345654
-1.5613105159514085 -4.572791802126106 1.1129442346606115
1.599165645129999 1.7205618079989888 3.3638842503962088
1.6603098941946035 -4.275169487204935 1.1739099697680793
1.5952723498144128 -4.127603707584195 -0.9494337042192604
1.2278635711261063 2.594304081867707 -0.9499348462983874
2.868253362864943 -4.214063562666519 -0.44251098045346343
2.0751396734513894 -1.6811062749603372 3.5382229230104394
-3.1163693077585437 1.6276387285537197 -0.9497043405385935
-3.5588427576867185 -3.407689650745889 0.8669123436207019
5.048183395227945 0.28512024677579356 -0.15161477650430677
-3.4664467839264996 3.5529144690353585 0.4002514460433841
-0.22591539988440196 4.918175187152031 0.532770680043197
-1.4043135755899123 0.7122718876011841 3.0272572381391454
0.4585465685981617 4.856586299943382 0.7149911087732462
2.884114031057021 3.3266541485406163 1.7570666094147651
2.3074137250820472 -4.537293618148245 0.0606289566644927
2.08779685171424 1.3965297837606652 -0.5998108939100377
-1.5631232019436752 0.45724701426768366 3.536704067751713
-2.8623870501577047 -4.04065128197502 1.0591161778495022
-2.5537990460106927 -1.6558177828875322 3.0437194879913996
0.8803221400213421 0.8391367722234264 3.5379209502804723
2.447993172718318 4.420998150735903 -0.1038523030870317
1.058848971184256 -1.8384995188812745 0.040001
-1.9977766728515205 -4.591622092201366 -0.9492136641693268
1.3933051903594285 -0.8161156044480151 3.537110197084502
0.31100820703686044 3.943584335256268 2.7240670580915345
-1.887280471602571 1.6810897889191 -0.30895820285904024
0.4671336692482576 4.806494254432218 -0.9492798856513894
4.291565868229385 -0.9897702337960027 2.3064700459114325
3.2070262847935833 1.7380952465166286 -0.9497794327005605
4.090386780696996 2.321399529233388 1.7654136983852664
4.308736343019182 -0.4550596352133932 2.1825747199601135
1.590432169017214 4.604807552917231 0.8867481216135693
0.6877149307789707 0.4153327661819235 0.040001
4.844481081200396 0.4601636776277272 -0.2982407989606859
-4.936817272273306 -1.2311288223851387 -0.4710728737764629
-2.012627013038577 1.7799807113769786 3.437093656841043
2.0930394259326395 4.429168799309957 1.0853364817187183
-1.3501643679616462 4.446649189279885 2.137916040863654
-0.32747909220811783 -2.080503610899227 3.5462318009161184
1.1804248858715785 4.473337735138953 2.0415764705361874
3.3859736223968846 0.7932572804730494 -0.9496324382207645
-2.1961152564367947 -1.3457367107548492 -0.4381302689307788
-3.6679522855418494 3.5090333634671262 -0.6823936831769088
4.784579376469156 -1.5841878084085583 -0.016370240690900643
-3.5516743465156084 1.0876107598588476 -0.9496517252351082
-1.9274364016926864 1.6042854110650286 -0.4190669376526779
1.0629602608597524 -1.1177144192535131 0.040001
0.25624283348653226 2.5251027897217724 -0.6444414467337557
1.7760491641337603 -1.6390160313749624 3.549868405839486
-0.9612497821577607 4.11081738480248 -0.9494903197987884
1.114525818665613 -2.4070992630896018 -0.9499067116089893
3.930292819800983 -3.0078837864773043 0.7318005161765135
-0.9931248554134533 -2.9588815130157693 3.535534509383984
-2.445022708099681 1.9255638137564899 3.3255092163531756
3.155770724588178 -1.009099798179515 -0.9496226213136243
-3.453470271185424 -2.6906578936010064 1.6154635953446035
-0.5463308665633243 4.9145510036278175 0.5758389033115899
-3.345974945753009 -2.914442429104691 1.5731931815482183
2.976514908923243 -1.4052228502179949 2.845943487478649
-3.0329479932199463 -3.755794666419675 -0.2936940749706048
-3.042145295555709 -0.4785189028169776 3.4948946683340725
-0.296179173921143 2.1339921542347935 0.040001
3.550529264374594 0.1514501334418293 2.7597012493341446
2.8875199384281602 -3.9360894291381614 1.2041550109804344
0.3656552576834976 -0.07883892618068614 2.949995
-2.7736732840310854 3.7109444275127834 1.4633000949356818
-0.643032030423794 3.83120965201955 2.754207633271421
3.93427090390131 -1.7067133159853944 2.5487222956890108
4.629061674213119 1.8336726534614125 0.336739830240704
-2.408907488999016 -4.381256962891454 0.6675297973452393
3.0618483553486753 0.5624799876233935 -0.9497371515150637
4.902329286246049 0.8011526633223786 0.8369139750265119
1.6287726587042541 2.549849318133766 3.2473002419181918
3.258182110656744 -2.8517475209653824 1.1014072289464247
3.821223667076622 0.02766572118973326 2.6732060611463297
4.54818985806491 0.9960149534952738 -0.9493147971755295
-3.319138668720327 2.886738891923197 1.012283128772528
-1.5659698368707535 3.06357431500218 -0.9497131316282431
2.3892415406699095 1.988345998874831 2.965050007567535
-1.356787755264981 -1.6510832295962004 3.5452382105432925
0.7635817319272042 -1.3069764522417806 0.040001
4.988499592837846 1.0536502876106701 0.1286190364917522
-0.6770308997236308 -2.394486240305898 3.5420705584419454
3.6964859798290313 -1.1187481885761241 2.6496461907927102
0.5318826534832684 4.71915998121801 -0.9493021162109354
-3.66834796680043 1.4100559520045675 2.671195846363249
1.9179758394509576 -0.8002965861009496 3.5441729172619665
-2.0054268760232397 4.4841494643444335 -0.9492712800875991
2.270969989566727 0.3010575846649485 -0.6527267535352567
1.5961393471677596 -4.7721971525901 -0.168232537835731
1.96646845619251 2.499226026092874 2.8476169455953606
-4.006796957991609 2.0466187537845357 2.075152870260024
1.8510258741422314 2.647552657310666 -0.9498918955644854
-2.5647674811832566 3.4143653270637007 2.4684846334787593
-2.0903105279905314 -1.4266061327255903 -0.9499939256191405
3.0990367133848276 -0.05390474782297119 2.8430645771835854
0.4132411620704584 2.479697022847231 3.5433497581607605
-0.6038219444235671 3.8860136341475906 -0.9495794962870288
-2.8621916346244576 -4.085810078885124 0.4166283460697598
2.2239672351577617 0.6708338304312506 0.040001
2.1104101675412434 -3.270421801932112 -0.9495592852295688
-4.775615119904325 -0.46235097130243286 -0.949345420583176
-4.199881937109144 2.66707526916934 0.02333285596599101
-4.125891374301468 2.5233978375864994 1.3378348630466372
-2.0416963459644895 3.0267549976367962 2.79191786368171
-1.4500688067572833 -4.501587997348341 1.5194612005445207
1.6716068195164302 -4.115897577536026 2.1831374820509746
-1.2270353814006847 4.479270150222861 2.125236702711147
-1.0677579150900551 -4.788789210216014 -0.949302395477065
-3.724787160033288 2.6285313454739208 2.0063249251678137
2.5615559050251258 3.0152553242785465 -0.9497899283042353
4.3084454732805435 -1.494659004176112 1.9272983574414686
-2.080339305271798 0.21067742358906338 3.5469954878441725
2.484910058136825 3.5715291846503296 2.3776228549122536
2.4310914476539285 3.374060493846507 -0.9496626070862183
2.329823058713123 4.49717609037507 -0.9492598041770779
2.633367864235735 4.056006984468473 -0.2923596828521913
-2.5725492692164833 0.7837041838775473 3.540128739962207
-0.982196947481067 -3.8772360877957275 2.6947939977358737
2.8084909240434115 -4.314859017455657 -0.8903485446963647
-5.178374952897375 -0.638291683198048 -0.4353204353662838
4.265096185270177 2.520569104693509 0.5447347576202602
1.3165201172368064 -2.4154574262275332 -0.9498756206001954
2.2551407795711325 0.9694464834022226 -0.6675513380767373
3.4743422788736003 0.34377966887817574 2.7787758216026677
2.9989895210601336 4.054356417225572 -0.16515443260585755
1.2462538370714915 3.996368131172836 -0.9494728055421376
4.469442265279974 -2.2240745811415614 0.6305738835334064
4.708606228636671 -1.9439382278741442 -0.5260483132353307
-3.523385705609843 1.0994456689447412 -0.9496597148936569
4.992486333384084 -0.6975998922483283 0.3944988691606967
-0.8303062723744099 1.0915776084524527 2.949995
-3.1568522986013057 -3.8250732971890966 0.4547249185564843
2.9653944777414574 -4.1588243778396725 -0.28940538673719257
-2.036639462151217 4.492707414382567 -0.3036549437561668
2.711193995937542 -3.4210882255107156 1.011166431660536
-2.928439165754495 1.082647182629505 -0.9498378281302193
-0.7564956512302465 -2.3288585431000826 -0.06619606970921912
-1.2624324089507806 -3.318009211419813 2.7741504181043255
-0.6376112379153592 2.9453291119259855 -0.9498275601878227
-4.291556318141075 0.9914150523484375 -0.9494346638117379
4.664010282201431 -2.0395686411590943 -0.1618488599695123
-4.241162631217346 -2.1017754786490856 1.3690879272749912
-4.894748977739096 1.7330101597927219 -0.7756327315438715
-0.568198580526252 -2.024947333606609 3.543308687730389
2.3845944632182814 -2.0555482599281674 3.306833959850474
0.35399793212227953 -5.00851375568608 -0.2909224483845519
-4.796544465601295 1.416687614680671 -0.949267888624619
-1.4924663801637408 4.169589270664195 2.1559977933698846
0.2478318945077239 1.2417925554667004 0.040001
-0.16489081260782668 -4.745260707080954 -0.293767755868929
2.914469663753103 -3.352365971020749 1.0090293294849295
3.002479096509257 0.26534010913548517 -0.949758146562038
2.3318988412204487 0.47744102542856737 3.545565070126629
3.4690989490966273 1.8276885610290383 2.723859007705329
1.1342333358607384 3.5304832904784944 2.7605603326789687
-3.5574140037200275 0.14997047678482633 2.779510773199248
-4.639227550809523 0.9681904768759325 1.556454823714286
3.0505270543322083 -0.05856241546817503 2.932273121266366
2.3806023373424314 -4.585718801930049 -0.6197485008678463
2.1697050398309177 -2.118231782540174 3.5270985720745163
1.4093939348559144 0.29093593432496323 0.040001
-2.670187565513494 1.3169445266787771 3.4531805474976354
1.7097159526372523 2.0729271520698576 -0.9499549893973147
4.531591111063363 -0.9030457164374561 1.814512129285754
-0.9728680445133713 -2.123641854857159 -0.8395095668343174
-4.1748842277271025 -1.5190735811059966 1.5845291215125659
-3.2258573010885083 -0.55052764587917 -0.949736781696243
-2.1008955504507556 -3.8144319298611493 2.4134627223777896
2.8466937294887007 -3.263695313891816 1.0395136441773545
0.535981033018532 -1.6014972085595258 3.538045743000688
4.653466713534262 -1.927616981818038 0.1470257839801736
-3.039585034936359 -0.4438821836468236 3.212536946458227
0.7491795030019628 1.2364984635771565 3.3723971586049615
-1.7381968273204196 -1.6526740458789067 3.36036125282421
-2.141345584445752 -1.474983623081931 -0.7074724060976939
-2.8302169898068485 4.140812800475138 0.5543176846610025
-3.3066129045660317 -0.21492043092575988 -0.9497284661523836
-1.1927152057924315 -4.70998165424459 -0.9493054670852508
1.3981724984839874 -0.2138168377846342 3.073750049380599
4.971471912643531 0.1299864714609725 0.4496824742644566
1.4665586990409838 3.8350108697067147 -0.9495101147364946
2.2831998712584074 0.8861590206523268 0.0052470576047218545
-1.009038593827068 -2.1249184470090534 -0.7681160783371059
3.9889498854464316 -2.0766552678234413 2.0840371667106576
-0.6981455755502939 -4.915165837090317 0.36161680702890825
-1.88659382805198 4.159414595811108 1.2985609641667057
3.0900470335170835 -1.590582438175949 -0.9494021862713644
0.3774750592118602 2.4545336422002504 -0.2213345038206071
-4.896697686843086 1.3035388904001954 -0.39096307568837285
-2.6476454567263277 2.0888138921065256 -0.9497266655028737
-0.12372012215023064 -0.155597621696508 0.040001
0.6005854244473167 1.246641651285867 2.956059523841414
0.6859442995528476 0.17356741147274268 0.040001
4.000648141071474 2.430498562903282 1.7919159629876824
4.053373470061236 -1.7945619493888503 1.1802903896076102
-2.409469471703991 -4.470482061537581 0.30165422929954855
-0.8944250137856569 4.814898983815847 -0.2918266287306351
3.0266178689454506 1.0680195631589844 2.8435298205096045
-0.19502531539587206 -1.96054693766602 3.546026348898813
-1.5070081566604467 -1.7879486903947848 3.547254257048624
0.792312203239672 -3.871818887839531 -0.9495928291558589
-0.9002762440454839 4.947185040412864 -0.9492656090587266
0.8670589628932248 -1.5192888283415291 3.5405855513236264
-2.290264216510248 -2.8168011017116363 -0.9496473609579957
-0.49828802603480005 -4.465650436373777 2.298041176564655
3.108176866475505 -1.6275010373949108 2.7896385627568954
0.9272124794531184 -2.658677251355318 -0.9498746972160542
1.366286003838383 4.197030181795031 2.343607495879416
0.4371124722526907 -3.664121028616022 -0.9496611070739673
-0.41039168040955054 4.465170080401938 -0.949437139582465
4.594011188514434 1.6438820068701163 0.7551295617272519
-0.8964718549194016 2.106645604207998 -0.034549846322998796
-1.1915583479496994 -4.696666223849134 -0.9493092358753351
1.0274189012369856 -4.910598333193495 -0.9492714584167702
-0.44256554399515724 -2.980377988930412 3.034611992732065
-2.2028775741328372 3.0401066618255514 2.7535920648329
-0.8855139870733161 0.3276009072275543 0.040001
1.3879136851830176 -4.037072251793371 2.660422757618592
-4.03614236389354 2.820748841695549 0.7263432046532134
2.0510814039145457 -4.177091828565084 1.5943543230210215
-2.789340387817172 3.0423837046029227 -0.9495157292704498
-4.905813843219209 -0.34470010231562553 0.9331247057173704
2.5769331023764432 1.7534227445121384 3.4751816885404927
-1.3139485132636681 -0.42025712114656455 3.123280500006176
-2.0504209951736274 -3.660212670132906 2.6448056862895393
4.225961746499177 -1.6024246115244107 1.8511980218788426
1.9351194128193856 -2.2459321269171424 2.9144777493086687
-0.6690263851742764 2.82101018430846 3.5431843776517953
0.41506330856796675 -4.522162600059808 -0.9493984737595806
-4.895867756026948 -1.271016722142574 0.2435003712117381
0.8083081632732334 -3.9592057002628223 2.678568717483917
4.286626362071483 -2.669542413438321 -0.29146244788273445
3.2420831062801545 3.095545233649002 1.775360454247242
2.482977383242645 -4.498567258452605 -0.8748109948107827
-3.1298067838682906 -3.852730724885442 0.20781152873290232
0.9392138303581666 2.049713824346556 3.544320351843662
-1.7464609312965458 1.4351800273965762 3.54943959587585
0.20270390960886114 2.516827679410885 -0.5416526593162984
1.9953274798673952 4.198465096893429 1.3136997079857518
-0.5319809494282934 -4.692174915237475 -0.9493587369829047
-4.207659272497131 -2.216722001447432 1.9240550815305082
-3.7750878660390668 0.6204737066044557 -0.9496028023733071
4.125883970081583 -1.3256522954137828 2.454640028184106
-0.5510186750957345 -1.170692329261458 0.040001
-1.1913231556721198 -4.52273225440132 2.088042745067729
-4.241428331568391 2.3099393987169736 1.3307150442873956
0.7910883079093983 -4.8013947546348845 1.0915873604797215
0.08576566303985338 1.4520621698863128 3.1088022040223846
-1.2233264375215323 -1.0203951296405618 3.2006838578136625
1.4793832382870145 3.686831855012319 2.729121719611474
-0.9992609517452299 4.36882557114634 -0.9494147025276626
-0.23282332050373727 -5.001749996851808 0.2523928991449814
-4.929181504469619 -0.9219855734412821 -0.9492763471421339
-0.5973539580939179 5.087408584693857 -0.5481646911618631
-3.159558212497343 0.8967309497814324 -0.9497759374635438
2.505132589657156 0.9249557710524301 3.5453564605579793
4.042814770068663 1.8104797663566228 2.0369073983605324
-4.120253207553465 0.4805911276281921 2.6701439707135775
-0.6046966252862137 1.345776833660488 3.4462087301199866
1.2751493687631024 -3.197404683793397 -0.949698120221147
0.6050406231251013 -5.039301906928931 -0.5768186006603766
-0.9113166556519657 4.888934457602442 -0.3033395088028461
3.342659069406378 2.895383296944577 1.8707525810135017
0.5602585500810345 4.983564281809855 -0.2725697883796751
-2.554635805554169 2.295264700228019 -0.94970583387976
-2.7587415491963934 3.133903262447277 2.5413258974929684
1.9822266543086449 -1.815506786177074 3.5389058361165278
-1.5230221542265938 -4.052604218468432 2.5629245805438536
-0.39354967264733753 4.815415007815892 1.0011477935237925
1.6138988221420056 4.111066413753981 1.7321508604856397
4.840434713439071 1.5385391531515207 -0.29043326950223636
4.840039801029026 -1.442113057382451 -0.29724815279786787
-1.5952609273346507 -1.8693320260418862 -0.09867590948655272
3.508436395558428 -3.707582220080013 -0.9491928620979566
-0.6870054024498246 4.066142227926002 2.681520862041849
3.1360175127552683 0.6305485106486038 2.844237416718072
2.395758942817763 4.216305556648011 -0.9493599734061312
-4.935691685311415 1.172772681911478 -0.4831485814244696
-1.0249063092187278 3.501899713604732 -0.949651785535979
3.374141790059549 -2.9967355344868176 -0.9492584411831514
3.403700439107894 -3.977077246746214 -0.9346577646668843
0.46536042006699097 -3.475664409639375 2.797802863577158
-3.4656109735528142 3.548403369273994 0.4781695119900543
0.3288825292801497 -0.7945777427319393 0.040001
-3.7602565731710036 2.093923302654506 -0.9494694324278226
4.26955106548277 -2.082749175377402 -0.948530724474044
2.5076307472653747 2.206215823558403 2.8175130340249797
0.9662232850547829 4.641646818208624 1.6544595970782265
4.2624443814958735 0.11810488757128518 2.4735338138071516
-4.827503435326369 1.2275946260187611 -0.2983423127256574
2.6577192971664574 3.6370311437104994 1.4713926537638573
3.8833654530804917 -2.663195777363123 -0.9488541541893446
-2.4228765456291583 0.1794408522221063 3.250915884344445
3.4618647912904796 -2.6517024495606107 1.5255218954771428
0.08689333116580138 2.342328766584527 3.545233731548967
-4.394077916224122 1.3831706242105055 1.711395517972809
2.438333109725806 -3.08927000837471 2.7354220161236515
-4.440740234741524 0.915605366070819 -0.9493930375393476
0.6397871352806064 4.860670526373902 0.536993784212248
-4.74012535518461 -1.3856933490018792 -0.2972578904296313
-0.4152151004028975 -5.002791074274654 0.044902367513835084
3.5328233415945203 2.5135369987879286 2.471983116845373
0.3821213279037343 3.8245496761027296 2.7411484000589574
-3.557870644056725 -2.884393909906503 -0.9494108283560473
-1.079078979782718 2.1041748986351907 -0.35513552085633143
1.3926555498280357 -0.003705494292492034 3.487115052463464
-0.6378617224127424 4.751405187740747 1.30471140339506
-4.2566472458788285 -2.208991156872332 1.5360185528470294
0.3958618130091537 4.219592941766508 2.5562648928767904
-0.18681806372383578 -5.057316829234545 -0.09477144322323379
1.3933033430295128 -0.07053010095688511 3.5253668056762675
1.9933675819721905 2.4180573098290297 -0.9499050045184442
-0.5903167234862348 2.5321331433988394 -0.9499402550385246
