600
0.8150578039163099 1.05 19.769846822736614
0.10273239524597327 2.3186761933944657 -2.933057935839398
-5.349380301092296 5.409312889524692 22.403186218737556
-4.096626449174052 1.23160521763828 13.168491401503053
5.6490736797868095 -1.0518715224713018 5.052487036235196
3.2045391453791643 8.139090795459081 8.709158980938433
4.875893887658417 5.163546160775906 4.706136849947896
5.316638131354602 7.121252587977871 14.18913836250294
5.3013539086025085 7.491229759522552 19.52961066983553
1.7167402178210458 6.6565734782075 1.4432375529618648
6.3465668480348025 3.05130555053134 19.846967784462276
-5.140980996114443 0.05026324957330423 23.39576678182859
-5.660554007462683 6.247720882932935 19.718693584184244
2.229672458371696 -4.986711103884031 -2.2436462193011573
-5.982206036999785 -2.4453187123483473 2.2448635319975803
-5.721382795465625 3.530517631899894 -1.0082626866062852
-1.0177394020340211 7.0962144522230775 3.1217812245538843
-5.634863374444824 3.8259950274269263 13.428557308226146
-3.3792660173781575 9.41921190894648 12.478911302097018
-5.150954593386333 0.8413974039459201 -2.2500136020604797
-3.054200038094947 -6.044604429770656 0.9317956242012232
5.490160817794394 4.20493307483045 2.819302519328436
0.8922530036590836 -2.2892581054643735 8.179305546041867
0.6602793242315401 6.7469375550799455 1.5377902100201852
-1.2341690977286472 0.055218511488379425 16.018488136661148
-4.113855440880954 -4.185421143280012 -2.249514159824505
0.8657146289930927 6.712337370285194 -1.1423634468978934
-1.196289119607068 -6.335935568909 3.143398272134289
-5.351681010714197 2.921677474531025 10.917468835257834
3.753520908033904 -3.978437107213338 5.27648013502005
3.54726550831739 -1.9464388723784212 7.732947870911413
-1.2663255970423952 -5.9138561688716145 4.341255091943682
-4.236383529088685 5.32517404545369 -0.5946185184313443
-4.223172884485353 5.335608976756574 -0.5717644763896751
1.007187591065259 0.07584390941043752 14.24292830078165
-1.1245233975773992 8.727967864383599 8.241995502485144
4.113075347287287 4.858995221862547 -2.2494234374946336
5.754479314193931 5.251215317096118 12.49090228877034
0.6003212202061896 3.0679288303685084 25.841506320108152
6.552110722380548 1.4139631464183222 20.13174374004743
4.263073282987367 0.05229762071646917 21.304090786915424
-3.0980509834754177 0.05014084505262956 22.517350387135064
1.3526442755435666 -6.316613497873778 3.072577784159969
5.371846992553849 3.8370169887013112 -1.9643038561861954
2.0653889796745784 0.10063712350077778 10.23161873718608
-6.475073887432615 2.128749361356642 2.783346956554167
4.478917018532159 4.780980581376399 -2.249412094040135
5.593222213841242 0.05292962807047828 20.084041250478577
2.9600646031636724 6.7879766919386935 5.080015952694134
1.8518940173866734 6.519851462121201 -0.994415444125001
-1.4656872846035678 5.865953816598668 -2.2364591029077476
5.390206435805477 -4.110657223674842 -0.2070623432136282
-4.097486456421919 8.989640021236877 12.7317307102041
5.2101927332832965 -4.380207953891653 0.8382665263410572
3.2818075644733926 9.317947485222794 11.986229303155932
-5.884774358431316 -2.5217532649752425 2.4528006607696544
6.808733067634382 0.9373354332378112 -1.191791380634292
-3.2123118144693583 9.336349545318168 22.247797098145814
3.7783846199556526 -3.861884907585986 5.394685190214495
4.705141415269627 4.907770123933483 -2.1514556898182486
-4.2484302457386365 5.542567462270289 2.5953917194979246
0.03367145879120681 8.512272460412646 7.37050692320545
-5.360273024429878 3.774112118834325 22.997812551242017
5.385564239864513 0.05395805547125588 21.63641282751448
-2.8665549777031374 -2.773716034640043 7.1761049606374385
-0.8006497455332926 4.817046905013542 -2.2415958166284975
2.4498681962045445 -2.6640510890580162 -2.2490679969918337
1.1994588125294314 6.306159294423927 25.03572992225036
2.855990221399444 8.960405703993967 10.502646840716956
-4.6343853011744995 -4.736714542570137 1.6400937323287683
-4.260689625552897 9.162044791254047 20.783637423920364
-0.8855898671893857 8.18325348365416 24.231389796258878
-5.610300206566474 4.6372863072495845 8.706807089206615
2.2517944442993563 -0.3358580588374519 -2.250004152474244
2.458181635603714 0.07595763070216444 13.738100781237478
5.486095236882109 3.674906381643215 22.812967118589388
0.620207155854776 0.07674251871830051 14.06790559913671
-0.583320101730867 7.558251403594888 5.148548621303883
2.5424013537984935 8.62889256966989 23.289985482729954
-2.063347938541727 0.05002040581745775 17.87882032330035
2.236393257794924 0.07751474483747348 13.629182092611675
-5.828181035178805 3.260671195622066 -2.033160927656813
3.969755812849065 8.312199007731731 10.47040337991627
5.4930647862492465 2.826791486732708 23.13834865185153
4.640924353389134 -1.1152354978288201 7.206953769138014
0.9910244588923773 -6.6978195758704855 -0.9122740644280425
-5.7660689272314105 3.4907948945243463 -0.6659487639036146
5.122000343465086 4.37079827507068 1.4470285073972486
0.8586015777855371 -1.670278245422075 8.678096752333133
2.2779495803853402 1.9797585611153936 25.502816935271593
-1.998155684791255 -6.422922557517638 -0.09465285690502603
-2.880986239334824 0.05004555713639207 20.34314625206963
5.495082842953355 -3.895218822047185 1.9487904721249358
-5.422264882441073 7.144855258613184 19.597819614068783
-2.7551959065863647 1.9626813910806877 -2.249794921493069
6.693923198981229 -1.0200921060287198 1.510462874076687
-2.4666775731216695 7.611552782754702 6.429078578264427
-6.217724728137813 2.669255119682952 -0.5108863152559835
-6.626324040731552 1.0793448053119201 20.404070485497225
1.6703699592599888 7.000277155729197 4.438312997642307
-4.487377570341618 -0.8072369784088582 7.758558243337283
-3.6651549242685935 0.050462515360770226 17.280443057853674
-3.2846231560877737 2.91913378457392 -2.2496126909683536
3.464295776499727 6.080400095248851 2.6426279332302576
5.163795029194323 5.5995634768867335 22.296864407466067
-4.5128954772413135 0.05037065808049143 21.314824353362955
-4.579138925563115 1.4601618197203674 10.211062461153144
0.2395321457074686 0.38410089816603726 21.702249312668236
2.283510093830074 7.585250263223228 6.541068140195145
-5.76139633516042 2.479378103648206 7.968687006454542
-0.6608967174106407 8.424553568882915 7.291002984234457
-5.7541613359742945 5.522763598031157 20.403513225792985
-5.407925705120369 3.053064881877958 12.011543283816037
3.9653363008587608 9.469099763270371 13.579094002661751
-5.56542383354471 -1.1723307676231678 -2.2500151836847975
-2.8747944494783226 5.4812318156393465 24.83079181803676
6.455695972574427 2.116311891116045 1.8846265170719356
-6.3037542004712215 3.046515155377536 17.5203757688389
6.035631224281263 2.4721951329796017 21.80288909976706
0.2511819724903497 0.050542739312799234 25.59117706030204
5.262289085667428 0.051137006774440205 18.417418138767612
-1.8610281937289572 0.5414986975441332 11.35151334825371
-3.1304060122780224 1.2592898876719807 25.153910142999926
5.5760266905167555 3.649921792275608 -0.9637993288289783
-4.598638056483496 -1.2874146269629692 -2.2500117454666944
-4.684943736404512 3.225046871462309 -2.249564637327689
0.033524585456636 8.602513645935286 7.614177610787714
-2.683915077086443 6.154449505918215 -0.6329284326583633
-5.2916747372688855 5.465989931382223 8.10104497440531
5.480315411526781 7.238661145301768 16.52448839974155
5.720303069624236 5.773847264346258 20.8399668569996
-5.4213485483800605 7.502197825543461 18.479566878051717
-3.47687855567243 0.050099464799511974 21.398949466473425
4.566058801415295 8.520820671688526 20.99056696551596
6.537658628109858 0.9271694463851291 3.0513153515399307
-0.9156229753783172 9.565820670182402 23.049659803836327
6.6159714949419275 1.6928363697135407 1.2018339779012503
-1.5316368841897083 1.05 19.702008048171354
-2.5923915582310135 -2.10664489330817 -2.2499840727348954
-4.3933009494765205 5.180226846372879 -0.651794290451008
4.318080260006564 7.410129690034529 9.155367922488121
2.1040601683914115 3.733064486539773 -2.249705866423181
0.5981620304228399 0.050397059292839885 24.49337145294254
-4.626718336313347 -0.07492871894293866 8.376472894067073
1.0459964590526056 3.984783176817391 25.698582247503936
4.38384966774804 6.325196792598827 23.674085927938602
3.1751993660188984 0.050818160909635486 20.530354089059845
5.411131767014895 -4.159105958769118 0.69509214536436
-5.659200400688616 -0.19691160590124354 5.75652832095312
-2.501861570837622 5.142687645432822 -2.2425680201750526
4.8091743920880505 6.381735332762253 7.91387789819223
5.2519878154388575 0.050811361780424565 17.792402849909237
1.7137176651341075 -6.471834466331654 1.203775389397186
5.020948140989244 0.33541142143111435 -2.250018440504879
-6.007824647535761 -0.30006476695509826 4.618589356357184
4.343189296814006 -1.7372044313920691 6.943699268010447
-2.4048292242185307 4.9484423114760725 -2.24335288755925
-6.7094250839241365 -1.23391215248392 0.8129080076750381
4.813323490504116 0.5319207507543383 8.741601539336601
-4.781681368059848 8.69695894447183 19.27671904114647
3.8273606400471385 0.05007106485147329 16.93101428537207
3.991056735839276 5.842147636782139 24.20295298169877
4.63347168174242 0.2905061937070255 14.65687589295513
-2.7845401732680615 9.06856134084837 10.772154564064962
-6.4436048900997145 1.23958563733386 20.953075120783076
4.258278872748883 5.338785221907847 -1.0279907997467648
2.667624197620181 10.771048846966954 17.20181179758424
-2.3305334579791346 -0.11101551450239042 -3.250001
-4.607461011336931 8.959399974279169 19.012926665957274
3.5792399837612323 5.704864550836779 -0.49228690289040317
5.850206720055495 2.092429020588612 7.179613270295141
-6.248834110380964 2.402962819092163 4.513510832674848
-4.172341135067698 -4.548415838150462 -2.249433066511211
-5.792556266507706 0.057596963743243544 17.324115572021988
3.414162985321408 9.689880385617561 21.477277003073574
-1.0951736923489113 -6.525415213539961 2.6696153950320474
-5.6734187807263785 -2.4162986897125127 3.255985162904127
-1.2416422025919103 -6.191472954162737 -2.247609789421734
-1.0363190160808575 6.72678152261474 -0.29951702209042724
-5.056371537652367 0.05098928449072677 21.261452414410282
1.0157908235834725 11.095611559371937 19.643368077365135
-0.19756378877598116 -6.797266721646704 1.5121673447473607
-3.5480908138931184 8.616820153593336 10.585430061094074
0.5914142260141055 9.01129965139032 23.500483433271267
6.603012392522578 -1.2332468759311628 0.12322031584826726
-1.5681941656150566 8.483407495908946 7.851172950756295
3.148874130228126 1.8314733228545717 25.316434508414698
4.74453032792007 3.756533531292061 -2.2495844963482234
-5.708552110080404 5.2058784908705 12.47185215246954
2.8686179180541402 6.02496863919471 -1.0758045077818825
-0.37665900418681963 0.05052473780108519 25.670501746944584
-0.08767082411784144 10.467642806110621 12.721443207983876
-2.489603141482967 -6.295335867337395 1.1866696542253259
-1.889670303370352 8.715018511874604 8.675126375761376
-2.043116261096286 0.05005311219528128 17.18083844547812
4.143026123791322 -4.446033871305737 3.7307274663449754
-5.592654931362133 5.062656492256416 8.083772735955122
0.33691365520224537 -5.0823699545629895 -2.248002035412635
-6.093221550340679 -2.675131562676918 1.5965771889174183
-4.4985000221469695 1.5309590942507452 13.050704486902514
-5.123398414787913 0.8345471818758998 14.69910649696404
4.069353868597813 0.2793143367135813 14.296216795029725
6.421793312034234 1.1913344305541542 4.079361470268089
-4.321018730445239 -5.218402838449628 0.4547291925431539
-3.7080828889660107 4.22061966660465 -2.249400213064573
3.8119034355934125 4.7902664685377285 24.467858497078836
5.292016144962478 6.380354721722259 11.073938159820065
4.704125743856819 9.021919242799283 16.886571511878955
5.098307785312947 3.900899675098478 23.48015960575344
-1.074863638926439 -6.739527791362625 -1.2267747752219431
3.764725109579682 -5.617035847344587 -2.2399838021990526
1.4653827979584069 1.05 21.051965382217098
-1.8670161064897657 7.209697714613927 4.378631019813494
-3.3445215030354 -5.459229493804428 -2.248723448690335
6.748998481566128 0.813562334494019 0.23012678898894112
-3.8724023007486243 -5.1203076721707115 2.624076497494363
-3.1050049278753393 9.741870551610484 13.095567312153166
-0.5152982517795701 -6.770441905410557 1.1702429251420219
0.8214344680452148 -1.8398073629804637 -3.250001
1.0233893139701544 10.817291653598774 14.194166683725834
5.308553694681908 6.53995095797287 11.894766103613295
1.0425040087654192 6.992564075145774 2.7235551606040773
-2.4187698468635976 9.097439666505023 23.033394572186978
-1.5421670682421948 6.625254664039533 -0.3161011750803317
1.0085680499501173 -6.529069958520465 -2.0566650233281543
5.78537018651552 2.5499804277437152 7.637035116007749
4.34137316537192 5.684283129774889 4.550732029937642
-0.2378579129989955 6.7175385325195 1.1337090906218823
5.330495788495766 3.8972880232756033 -2.0170381817143563
-4.919866102979241 2.539721838058952 12.898501680191417
-2.237842659846845 6.309906428045865 0.6528231659022958
-1.936491001057545 5.861421395218383 25.117748263559918
4.301424584975963 5.670896543524802 4.186757525480202
3.464183346339903 0.0500437147832459 18.502307122694106
-5.219285288458695 0.05789343296159949 18.516685503203323
-5.285500832171415 7.878275979959668 19.15460250280305
-2.3665629675564035 0.05008949447708576 22.13643424826902
2.4443451592911383 2.417161126641146 25.499644240234858
-5.81454933275454 -0.8519219590730317 4.6357632568374365
-0.5559658170746298 0.11650435612719141 10.683256280661688
-0.3315818792949232 9.751781825694058 10.7245696174348
-2.064480515240066 9.229828261883181 10.291084996574074
5.635711847085141 3.756139770614178 0.4063707381015788
-3.3426642127237836 3.503036532607964 -2.249533133374886
-5.197758580906625 8.065148060721516 18.011163426244877
-4.678818579876578 5.4354967288330185 4.516369576946301
-5.159951070854724 5.34460780533039 22.815171848054977
-1.9241409403196563 -6.129458763882151 -2.2478753774734788
3.3892672357114186 -5.52045090085708 -2.2400227516495517
0.35495632178800807 0.26515301428161886 10.893733206751675
0.6699881248292087 7.416787602657385 4.7548118627635
1.506202427705493 2.449250020720783 25.67532605205051
1.6427256987086338 -0.20183936558411125 9.98044371226464
3.4545279890346725 1.1696871161077242 12.325907149466891
-5.668033930149919 4.8107145350504155 11.984867549027985
4.371968648363585 1.9254740211212218 -2.249875721649193
-6.694363184660239 0.019752545795418894 0.19448370184500346
0.809244436084431 1.05 19.46394219847084
-5.081096512510801 5.284666047926506 5.910004145979498
-2.8238449041105174 0.7206722090944312 -2.2499698962664865
1.1464859185374983 -5.631296640086126 -2.245109336435183
-4.330484873832824 2.033476159041817 -2.249810604015125
-5.590360490504323 3.697433715599343 12.07051481577042
6.461941443690273 2.130033780027167 -0.018952161037717394
5.693104410995272 2.7153329968572706 8.128494505011878
2.0536627566039787 10.78819601517711 15.19958323526783
0.26426821602111067 1.05 18.80230685448928
2.276712514964835 -6.254010136483906 2.353243869065387
-1.9495961866446567 0.6395329965861732 -3.250001
-3.9526510088358378 9.281252932054235 12.962709406899432
-5.628992100905986 4.07242988239885 11.61936984443111
3.5986794783766154 10.398064239805203 18.643893738417884
3.893428390611916 -1.3393422726690403 8.012110339079136
6.7750633907627575 -0.2300484163953671 1.6655180290276101
-5.127168563153236 7.748994487541461 20.048514053846976
-1.3005633984594136 11.234368535009438 17.2809892443543
1.0384555329838774 0.40714570229842495 11.393788550265665
3.2154994698967534 2.6440482931910756 -2.2497454849731584
-4.646279597109219 5.082162175512361 23.630867579635602
-5.9880125298389855 3.674440081983755 21.536503634466072
-4.72912373873282 8.869210431601918 16.787849736973953
2.4001480733356866 -5.041190912879962 4.885852607057101
3.8673507306487798 0.999667797966362 24.966703885540632
-2.8715664215714294 -4.954779267342824 4.8566581293557345
-4.648569634830009 8.027644821763552 21.586828474621083
4.806450122035787 6.698650528451526 8.703928503039725
-4.037672110886996 8.421891941823928 10.93457402967286
5.981978552060273 4.234001903363807 16.075246411616412
-0.9999756471607023 -6.69370931566312 1.6158102813040742
-2.653242901558234 0.05013887281545325 16.185802965314018
2.6669561286515933 -4.82510549652441 -2.2428834164070506
-0.45915669281441257 1.4252974516839971 25.962026988865894
0.6845386335810687 1.05 20.56494008665088
2.952217484718182 4.415006369123523 25.079724095173226
-5.564935758875367 -0.583365652446405 5.64670805334547
3.1782121397886205 4.143375374939495 -2.249576792743832
2.010040268319506 6.473878123483995 -0.12821774371997527
-1.3265394913783504 0.05012692573707397 22.572997706479807
4.938518899632329 0.7993736763121175 8.716695913132636
-0.7600751620619342 0.7577224845546042 25.987982333066427
-5.593026229092867 3.666369302035445 13.091939376868325
-4.57851925210481 7.70241639946319 11.08812298737713
4.1504461247527304 -4.316635756522669 3.9852768786106574
-5.470953609941703 3.5150846258327664 22.894196052568596
-2.73088960806795 7.662039856044981 23.9642795288535
6.195911795056025 4.046910571729341 19.8754556185694
5.414763306753779 4.542127083873518 4.365586721463933
-1.897970363925723 6.491305160696865 1.4305945468274521
3.3236614129402415 -3.627053336582463 -2.2464511130941958
-1.790422654861601 6.937841877098057 3.148554584885583
0.30588030157714596 5.87940917325778 25.26965617550087
0.26103338572756196 0.4278774149738742 21.704042801906283
6.525682952344329 0.23647306859266964 3.369760200458231
4.9704332799152535 5.355822951985681 22.92765264364696
-0.46460362423665447 8.628714686873696 7.697284450783223
4.515027609167004 1.8854366976236658 12.001882109277393
2.744102644481867 10.398923806665511 20.711348442039178
-5.198106681016131 2.4843476989061983 9.746982700836826
-3.4092708725971774 6.336713419952327 4.417109946825589
-3.720617587164507 -1.795080955441437 -2.2500092530510183
-5.201507566696804 2.7229632492658666 13.702586376083081
-6.7123729456312775 0.04822387186448722 0.8492769889083204
5.225368171478761 -2.7197486068370913 4.329699037098047
6.551844514074529 1.9023848194276285 -1.8977124999118637
-1.2306412985762114 0.05000520601094445 21.509459378418942
3.2164542001791383 5.968278461558678 1.5480327445455584
0.20473378384400828 10.64876418026712 13.286066471091928
-1.6804067857490737 7.026668738486644 24.72346826475502
2.717775501556607 9.79274069988643 12.495853746369026
-4.815337102612209 -3.7617651761771813 3.467253767406396
-2.6110754147784694 6.183923354399374 -1.0642070247780535
3.8710469685470428 0.05155013242593234 21.771321900295792
-4.530175013772808 0.3210107641811759 14.202735094653477
0.40708818736380076 -6.627129361489981 3.217186018168157
5.827081146432768 3.308010310193168 -0.48282235455305333
3.6031560281219233 9.85503430620862 14.310210438385026
6.372292039958041 3.1074391194457975 19.23655412028986
-1.5050725705784762 10.372771669107319 13.101897483944267
2.2213003332110803 -0.6928539665312743 -2.6718873041874707
5.710527984954665 -3.240685425862967 2.0835273893975614
3.8179980223971324 4.438880783632176 -2.249494065556185
3.948387482769321 7.789205085503169 23.356296028345806
-0.3527229158038336 2.3657030845575937 -2.818809231071805
3.4910263526623977 2.1025077465241795 25.055743346440273
3.323074885920911 6.047215597322738 24.527013650798462
4.049163595306254 -5.418147004052121 -1.4086214838764615
2.285546839647861 6.379866093172981 0.9421818212097542
-5.930933886542478 5.05533220978276 15.817664258545156
-2.451751000457562 0.7548506117774156 13.049465044679422
-4.697077695524177 8.91319172119958 16.5199184229358
0.3028669984946733 -6.326410080357703 -2.2459117990056274
5.1787134721911325 8.17847901018494 16.437073057982442
-6.629149999597376 -1.5038645654221987 0.459581025461428
6.713104925747729 0.8934017688169149 0.791460484162471
3.081314788820207 9.309906705890343 22.396357939498223
4.0377711509232315 8.275627880893872 10.564855126990752
-1.8792073835357483 0.3110086617841224 -3.250001
1.2532636133204145 8.991165383026159 9.254432755279485
-4.109434717766854 5.7599703811829 3.0485556890879226
2.564918161510055 0.8762999045972455 19.074075340869197
-0.08201776437332023 2.3957857616243357 -2.7901131813422193
-2.0288492993662604 10.120292553883123 12.905518256199253
4.842982502413613 1.8627572493586688 13.668405896776402
-2.3558805728882377 1.05 19.786910620794856
5.645272703883292 4.531587151380396 21.816316478535185
5.758945526957456 -3.5641886786809427 0.9080681153931135
0.9470608723906088 9.946558898119163 11.429657064905982
-6.053715540830884 3.247026231419625 3.5437514754761326
5.706323464534069 6.191183876922091 20.58976240249471
3.2177106078356736 -6.010048695657098 1.1290628308520276
-6.411156004259862 2.250048903809739 -0.835494923259825
-4.133018817637035 9.301335087256474 13.769476452395772
4.727462253372402 5.972869072527846 23.09116879211126
2.3210760373951365 6.412848252149753 2.351056202403308
-5.419062722219367 0.05818755132989893 18.316794542448793
-2.1822126876458734 6.370700280190992 1.3435159528286105
4.708078467289516 7.636423582188612 11.250191514335347
-6.901159939669893 0.0778535343683398 19.10333418364092
0.2754243662408682 -4.335865832305504 -2.2486239004748945
-1.8053512481340215 11.05161268792814 16.688339572778627
5.107195388298081 -4.279272546611209 2.1292176764310597
5.466001388087263 3.903753130876854 -0.478119945750588
-6.150929379357245 3.4762294998481296 20.642516648348035
1.7724453333338446 -6.453594744933025 -1.2661684344492266
-6.885240754174231 0.19573118419055277 19.047905267171792
-3.989033345146732 0.051861949604570114 19.198418249571052
-3.3942631578976505 0.15791348363850877 -2.2500056497150336
3.3003854336319582 0.08972257931331479 25.194177216992276
-3.710431180364916 0.1386778401259001 -2.2500070617027768
-3.4411975059080384 7.567316010590478 7.747535664770817
0.9441504678760898 1.0238222583623036 21.501973196187002
5.821100748231602 3.6110212859949975 3.792450313069884
-1.9673689963446213 -2.2987297028083136 7.981109381658909
-2.1316317961800246 -6.058213253753084 -2.247984713696804
-6.658539404905362 1.2828622912986674 0.16605630708347968
-5.980322171234594 -1.1862929798820314 3.8071680115861173
-1.666680234722364 9.772481092761371 11.252772954965135
5.293072030550943 3.692289393305523 12.944915040357202
-1.8003586048660303 -3.2411817675104757 7.184897472763485
-1.479712073298494 11.238149573918301 19.559344329208788
2.3608959580047224 -3.1139002442638906 -2.247459495620091
-5.567451161343529 2.385141142502275 -2.249851337314565
6.699417159586464 -0.46940128300852013 -0.13214606127198783
-4.954438045315914 2.836404496907976 23.766450443131014
-3.973733254047644 5.517524726245384 0.3199108385962136
6.1835950530863215 3.9247472104560908 17.19571182667726
5.780022818778258 3.4312744636861994 -0.1766447409045125
0.5501610222116822 5.254783176971517 -2.2467593956842236
-5.819800897985621 3.7102732735131942 2.979002165414095
-4.4203201973905255 7.367918897193523 9.54456516554015
-5.868767602766609 6.206278515476506 18.06386012804186
-6.371250849162625 0.9036534274163572 4.0856242918527546
1.1261842068803256 10.347136044729814 12.598421636855523
0.31459700885763237 -6.541569931753874 3.4406574648159367
-1.2529797544772256 6.718069973871839 0.8424576726104388
-5.212212429977783 0.05100204946572846 21.476337479819957
-6.599620604772186 1.536285837979037 -1.194799587980288
5.621816149323678 4.027260138447937 2.59676853578708
2.4367694601081507 10.549891966107577 14.377700227794787
-5.6081382955103 5.900651086600249 12.784577609128164
-2.283961973742937 10.644118394537031 20.643849214508442
5.198116273016791 3.41092064355292 13.661060337595032
-3.084393049715383 8.465364011278567 9.521811936335293
-6.599279735049546 0.9547450144081753 -1.6714158388927272
0.007382503686770292 11.133397899367406 15.545037534295759
-4.431089535370557 9.075745072573573 14.3937053218875
1.8135658826358834 -5.058432713803461 5.241746991072038
-6.617470615666793 1.3338064779149128 -0.8835811792102938
6.662401004058059 1.3933024840009764 19.271809926227483
-3.995245556550669 9.622798691253216 14.428693294885992
6.078989882789836 1.860308273517005 22.025254706216423
-0.3306131182236802 -6.650325865112928 2.997927363567526
-5.919061128354675 1.6549039677641992 22.353955045280827
5.773034104330695 2.8660883899456513 7.799263334527291
1.94137068124977 6.7241284472061915 3.492037795017662
-4.645319837645421 4.964918646981683 -1.0284767651964122
5.880773267827333 5.349745603584092 16.24170540075439
-4.770352949957847 1.1996640173855166 13.952291765993255
0.025899906294956244 7.684281900039005 5.175018501334582
-1.5632396892087503 10.700747148267267 20.922822005195734
-5.769261835653843 4.521586725242157 13.571889205185675
-2.343732118049206 -1.15590584205998 8.923635226805999
-2.0736110233486795 0.05024731731912769 16.222306311552742
1.5329395402518124 0.3805257025307008 12.555713795390922
-2.561114149303216 -6.06389283659362 -1.6268264748754842
6.373203365198508 2.2799659114871496 1.3003711083513907
5.780077927642854 3.3534475933071297 7.925886737164649
-1.295767168077176 11.24375414531331 19.400723739577007
-0.5652703052963219 7.572836522181062 5.175722159325771
3.9264436539861385 -5.192416565599362 2.5503110861456273
3.601870991607191 -2.1275516301889215 7.5317902984896214
6.493118803459831 2.1853657222993594 17.956189732757817
-5.001616357395836 -4.605053965315897 0.00465201933681908
1.3006586754867817 7.715652765890589 6.0463542450052445
-1.9163442003738738 10.88750092539625 15.68002471981447
-0.3955250261061081 -5.286022481471639 5.568744241709487
-6.226235675268779 3.2916407889469146 20.350456647221485
6.576709452673146 0.051961846174427076 18.236040164737723
0.5799793166044818 5.280975779188479 -2.246828020085346
-6.153343439953677 4.133035816138317 17.518355330941638
0.17707097819086806 10.902122474166466 14.243523913835087
-6.347630419684884 2.5643217358354375 20.439798417508275
-4.106499981947231 -5.135192783434704 1.8444569068271675
-0.6887790009032443 2.026209223822522 -3.250001
-1.8350053774445572 9.33921254211738 22.94842365090471
-1.045418697508492 3.469639266688821 25.826135511071513
-2.103003034451661 1.05 18.953129880650938
2.566331242638388 -4.968866013705674 4.912050963132631
5.900893170021632 5.870412771921461 19.421507765296507
2.9380568009309336 -6.0365950183645225 -2.1608862262070265
-2.053770693288519 0.050445934883033124 25.31315453652116
4.42993081524561 7.311689577597039 22.896236293462977
-4.996557297463489 0.05160779838266125 20.307279898247437
3.749671106595505 3.237130728532045 24.727481862160825
1.2894051122460881 9.054395892845832 9.445844035762965
5.274638246411817 4.621397951407572 22.69552910988185
4.83368288980092 1.182034303330052 14.088517544729193
2.1618709437309924 -1.2636021452600046 -3.031892882273234
3.671553507932803 -5.731962515673465 -0.5287287976917919
5.875592299678664 -0.8951614558717991 -2.250039231962721
-3.3375419748953625 7.750993359487274 8.064467896215902
4.646182682527222 8.981176828086365 18.759401089197926
-0.8649671045004643 2.0406454311626825 26.03079613140138
3.5132087552019504 0.05100362017347442 21.725188262633466
-3.9879769332075337 0.23672436708609343 24.4718198363841
-4.768372553600317 0.050182578624090986 22.174303068250033
-6.053033369513175 0.7603981471341247 5.507690103876563
4.173429850532665 9.388815092142899 14.205416366463625
-4.133977900222029 1.1269742438237214 10.268487826299607
-2.88782119699733 10.330056513822267 20.174731401569822
-5.399019192612771 0.05268854920268588 15.368326705345927
4.672563596381497 5.365330085610486 4.671926195934631
6.470323576630843 0.05233156356549462 19.107369400061145
1.856022161626462 0.8922408404803043 25.512226181989416
-5.867434638349635 6.082287373527936 17.26721688514804
0.15525119366485046 1.7134417593679354 25.87891757257033
1.732219683029277 9.2444358340996 22.991977108422045
-2.6538441735451004 6.152196058193493 -0.02680150754292253
-3.3773149221288974 -4.783599498497558 4.553903150540298
2.056072856346898 9.863540566474697 12.134421411389141
-0.7681277093231276 10.610123900442698 21.456509359649967
-0.902250522562708 9.573192460368862 23.044415625547888
-6.546507253275348 1.9869742055712913 -2.2428868345520874
4.359005375630699 9.43469735556995 16.44320874252697
-1.9034058253629134 -6.5146060977220905 0.7706083979830844
-6.404289572424513 -1.5892422961121124 2.0254797247738163
5.418519615669182 6.243282126681491 12.174856346735826
-2.1875704700400207 6.141653329631552 -2.236677107038723
-5.191207227104984 8.069991279779181 17.90438523138331
6.4281688460707125 -1.5754002827771882 -1.3862398694755447
1.36530733517634 0.19516569704090087 10.864678225244742
-2.5581885802788142 0.20886426316441725 -2.250002324476546
-0.16684661684330354 8.809801050792307 8.17781920682762
-0.31025735825482065 0.9985891347023567 17.06313877033119
-2.3762340877031565 9.530238334559229 11.501313386570397
-1.8736889241584966 10.242006841919679 13.14218046667633
6.0008776540341415 5.33554812632528 18.827255435579353
-3.8966126117675652 -2.0317423281857474 7.027199572461522
-4.722427063704854 -3.1915152869827517 4.637129127561987
6.346271397272539 -1.2180063570134665 2.606504266524082
-0.9871109989647511 2.211855586000676 -2.574906440061589
6.57956104701752 0.3942313585152516 21.099005390032794
-4.5044780064351055 1.9774103628396222 12.11926351470704
-1.8780398838769954 0.610108224404254 -3.250001
-5.816551581611972 1.6229638899823193 15.533987314257566
2.5914675255965185 0.050014349192519535 18.650023888051308
-5.274423925555878 2.673753477367081 11.45162769001505
2.195442973330608 6.297399915633731 -2.187992154135149
4.528638049381681 8.201604596498413 12.05605407978263
6.579088936303849 0.9049183548874583 2.599234103265328
-4.34706135636663 3.5443942671599435 24.481990757609434
-5.628547370643797 4.032620500292967 8.661259920596747
4.722121258126407 7.001585833492022 22.40556915924733
6.463640417964524 -1.6938957286898988 -0.7246800264735348
-2.770961621994721 6.9754418343592 24.34782441761925
4.651288142573318 0.05229613167660118 23.422956662969284
6.074020990724374 -2.830256666210629 0.4018486506086528
4.132785494241417 9.405861411195922 20.87464357757678
-5.744817574013925 -1.8809989292428557 3.7257492895382467
5.941392298511406 2.131729902932971 6.760459177338912
-1.6083131698304065 1.05 17.457561530538374
3.7199434203148827 0.9157090503159879 13.568084866949038
0.9833888172476299 7.082871873653379 3.71518138568954
2.3275824072458198 7.925630818864593 7.444881662421773
-5.744483785550514 -0.5719066628738804 5.125725863869503
3.7761914230398443 -3.1573947370718307 6.180482168557068
6.58295294472652 1.770657640148448 18.245293944460542
-0.8459374770712165 -6.796499423689818 -0.6430762792812718
-5.055371932525836 -3.264422382164378 3.7903094960512225
3.275507550121552 -2.6047146391169465 7.213132426306326
2.051053341989583 -6.417323041002397 0.04283849197481843
-0.8534804515292538 -6.810071230981558 -1.5872813532232994
-3.1062669158147544 9.092032126940637 11.245617841601929
5.920863592573268 5.276772317073598 16.455792165664953
-0.08475303009528694 8.275765559124688 24.1459746311329
3.4464850786880765 7.057786083888787 6.17070847376507
5.691696937213841 1.0060287492615876 22.7637358334129
-2.9013112288964567 -1.5866961789362175 8.380151773755209
-6.483783376428354 1.9305173402652303 20.302866795966118
5.7865347382251064 3.652735881122468 2.3346228598476126
4.902524194258323 7.544311355245855 21.602610745744425
3.690132010030691 -3.4599208529822927 -2.2473076397155523
0.19433377751871433 -6.005946956083126 4.38444182356091
-0.9894748963500429 4.310045177423725 -2.243432281902032
1.1956953762892977 0.8466113753420528 25.631573879254464
-1.3756291262446698 7.312987603359068 24.67060364162069
3.1330291651804454 6.337407670524973 3.402994199571041
4.93253735918498 6.433970454952294 8.525810687808285
-5.219835613714358 7.366737268580306 14.115003818045825
-1.3985470127665276 11.217018387444316 17.767204658669083
1.5034436364284813 8.628288836578395 23.670454135283972
-5.593076597712624 6.6016282703709726 15.816902366475242
-4.327734055021868 -5.12101070592273 -2.2492418836249515
-2.6573586517090706 7.443522926294034 6.279947132282321
-5.965771232951545 -2.677218443277879 1.9956555106064908
-3.3922906285328596 9.59995514308205 12.993936630168054
5.819664517854136 2.8643848454532774 22.246866152053688
5.414038148063498 -2.408407885568642 -2.2500601750566966
-6.174807430658139 1.6720990033321634 5.303365047773579
-5.1328715959809745 8.277312966395677 18.66208141019229
1.0992181195985302 3.6093583393666693 -2.2495920810847916
0.5831935642999487 0.0731300665082148 14.475772731921893
-5.630852809728201 5.517356820881275 11.329872307086928
4.905144782135675 6.998549039487531 10.30566848205928
6.552579791654514 0.055173184789711144 21.074774007651307
5.638267068037246 0.05307801962392532 20.16106715800192
-4.429359812955641 5.767353905675899 4.990403028816383
-6.378000886328147 1.1507271163823363 16.839217656995018
-3.2754136013102606 9.566030710197532 12.743913879255809
5.827599746364156 1.6110760568918303 -2.2499560714903533
3.729865444269053 6.7854794711196 24.146109499493072
5.619860298846943 4.434423314388851 9.847276514504454
-6.355204018487715 0.061035550621755974 18.177834394193397
4.199599230868568 2.3474082821780087 24.503169735094065
6.479240573414905 0.3911221437168746 17.61831932374669
0.7816112184795659 8.818603621791423 8.418272693872828
0.925177549403999 10.592781375245144 21.503995923339325
-0.5665383703544697 0.06665754423249108 14.89572304384874
-5.353865352765406 4.776304935392436 4.574691848995406
5.465767685159329 2.7323232541677593 9.292018655671235
