600
0.2398675283207664 -6.071186720109361 23.846123549837625
-0.9819345456103952 5.555267480009146 -2.245901176041684
-6.470772197508241 -1.9736848161511813 -1.334497319107287
1.3045822536219043 -9.529336268011347 19.66642194141811
-3.1046490679554166 -6.909332327633236 6.736395869675324
3.802990852587726 -0.8152360155970807 -2.250001003563658
-3.0445215190587147 -9.0050454388088 14.918603007881215
-3.2731206921509286 -6.070725826143055 22.299647481588007
6.1148871346053495 -2.8070214241812907 2.073140816921102
2.342348849392681 -6.441729715500348 12.36254443187614
3.947226480758878 -7.135061057090186 11.019338380127344
6.124087463407153 2.7291715234725316 0.23161966714992344
-2.2759095412750097 6.0408651533581725 0.8257644978927827
-2.164396205304367 -0.8274535821329542 -3.0007534982924042
-0.06118521422652312 -9.160492455721977 11.024556148250895
-5.3308173529429626 1.1660854753208085 5.46955683277149
3.0348111508211675 3.3424549332070135 5.753091149419011
0.21122941947809976 -6.66040829392803 1.3595602187077875
5.854422452826008 -3.275470128456953 2.079481698756315
2.170151201855988 -8.698776743458076 22.00918890841826
-4.972298168031849 0.6900082319991786 -2.2499990000000003
6.185748055731962 0.966017690288335 4.094473077538698
6.41418404302522 -2.2646766391097097 -0.7049719222523274
3.267402086068784 -2.0906949641181813 -2.250001467873507
-0.5700386690596126 -8.740136587684866 9.707867613070523
2.5323517012290035 -8.690316313321892 11.686882083437723
-1.4230185325228373 1.790330031727418 -2.4224754445163814
-0.7389751669286987 -9.55681622098046 13.444417747156887
2.821363050952206 5.617301934221516 3.5940650437984054
-5.222714254483509 -1.1173755555149212 -2.2499990000000003
-2.2496552156013445 -6.364952708711306 11.905649037621421
-0.0886390759074403 -7.611693033813921 6.154143278290496
-4.350358399066244 -5.263122190439648 -2.0363339851210758
4.934131335772831 4.669816710698146 0.12785663806472553
2.913792112145898 -8.483495119259727 11.947719759194898
-2.0042037558166523 -6.440521403814851 12.961608110341762
-3.0972111143939696 5.625097006613798 -2.2478044963635293
0.636162958699513 -5.874676789176734 11.58206823382769
-5.928449226204275 3.053739178671623 2.3306078072252148
4.901254649750672 -4.785065962443942 -1.9870170532256357
5.503391783855413 -2.485913011183991 5.913433007520758
1.2358337471355432 4.1992695684721015 -2.24666792773865
-1.697387936074515 0.4112000828151649 7.450955477338515
4.581812491385352 -5.454465418945106 6.461433303299568
5.681210586583811 -3.5997045841229784 0.24368319334550706
4.89334984682103 2.4547228987620597 5.07426935687395
5.776312206524152 -1.2359383501852073 -2.250003636380696
2.9705732689379536 -6.171408347604185 11.083715178638595
4.413372923094283 -5.1318493660731805 -1.9809672346919764
-3.4460757357047367 3.067006841258074 5.709714677643618
-4.562376829118027 -5.033611807725587 -1.7216337684928689
-0.900944992984266 -6.644499477706766 0.5351385346058386
-3.8739998635892974 -6.070736971798319 21.875355553276897
1.6346217010948305 6.627877041286687 0.8882085329709345
-4.632200224822289 -7.378638445991415 17.291193847565207
-1.335110168087068 -6.0831173924609905 14.843503102481714
1.9118387980689113 -8.044012806809436 8.820782037270552
-1.3889583885229553 2.1102724028225026 -2.2499560299983283
2.283529638455292 -8.357808532056222 10.219065363144988
-0.9531302185564361 -6.460664383354185 14.020711016717646
3.029915826137213 -3.740331099187137 8.751910471882255
5.067061461157003 -4.633116200773628 3.217264202729085
-1.936781336470656 -7.450006552682913 6.571144348470417
1.4118136800997267 -8.442508769293838 22.844131850096023
-0.7344477771669996 -6.200376881413769 -2.2377538431330457
-0.7337187160520476 -6.253238244749533 14.285814373313666
3.8695780271730955 3.0506142214545533 5.43236834134687
4.406391206970843 1.5913536212836705 -2.2499990000000003
-4.458985437636937 -8.410017203246339 19.498198174652632
-5.142009467795463 -4.543292967958289 2.510691959677673
-6.337795115330214 2.3526585661178485 0.6776047837192852
-1.6973122104516194 5.360533284138393 -2.2472668210670603
3.183119707582269 1.8911745349875435 -2.2499990000000003
3.7453392505434246 -7.784798195115211 11.574125320071516
2.774228233191368 -8.340968529163176 22.48661335984155
0.07697499447845232 -9.071195178251928 10.769995272558004
-0.10613134680348721 -8.478000548608557 8.735477269149955
-2.3864557899873216 -1.677805837433126 -2.2499990000000003
4.4007944923103715 -0.46484007656992443 6.607586356331005
2.518303564864128 -8.911090063790944 12.487699738551736
1.8396825363788991 -9.273462992107834 12.671625906312677
0.4450620465360495 2.3293373471414855 6.763272356339376
2.6694351144834245 -6.070203456790893 20.019403546113697
-2.377094463350099 -6.070062228749653 19.92104676086493
3.0254419357924944 3.1789777509475687 -2.2497047892447246
2.113436199060817 -3.566069671719548 8.996970739784171
-2.9826337063630546 0.37047935839981083 6.970598401430103
1.1560298647356002 6.069940179376278 3.6294286909414524
4.271909022422971 -8.17602981156816 15.436629316013036
0.7721631246302558 -6.673526171806089 -1.7166639995806938
4.182324604799508 -5.494943677925574 4.66801837696207
-6.44051224649843 0.03513030011750781 4.011022465352672
-1.0706701456144287 -7.677964194792426 24.112951683651886
5.137265958322659 -4.40195949629722 -1.8024764850258113
3.260980153341389 -7.021980746433148 11.993448249150934
2.36487242134955 -6.730083382897492 13.405493744824867
-3.8982447393857713 1.406863348674035 6.1754837253063535
4.402926983693059 -5.168783033876399 2.3536453010874165
3.339255714561381 -8.87377015788366 15.416585446297457
1.1665563871812632 -4.791395584568872 10.47962585289325
4.718427438933816 -1.8089385706320096 1.0468142891310765
-4.307673012911737 5.130466253393709 1.0729685236642361
0.4962999375422268 -9.419863958142018 12.852719183120708
-6.666744816551984 1.1464543132505833 -1.3062288203841694
-3.6924147226908106 3.335196179098437 -2.2494566144622268
0.696966554556771 5.208641688221133 -2.245354758929561
6.478520507959243 -1.888318321506255 1.0895997547605836
3.865447749074952 -6.071399805963047 18.029053422831158
-3.9717924529866986 4.655045501122033 3.918395956806669
-2.377522837775899 -6.924529936475385 5.293944896849094
4.037169492797572 -7.179411809899632 10.281426371248884
-3.206119818175876 -6.2385138262932145 4.71591322410523
-0.9252504132375525 -9.230123320001114 21.148414959828898
4.05320580547913 -5.108176423399279 8.245792747586718
-3.832074296994131 -8.74252780694431 16.23279349960904
0.8492350531343087 -7.279705806841704 5.2456506016299285
0.17440338187681634 -6.239055567420253 -2.24460441918852
2.9699068034222766 6.127898487712241 2.1207347243234373
-3.8766759266000275 -7.188169164653868 11.416587160638022
-4.408533907750199 -6.0623470388979435 7.563058132487191
2.13629793631256 -8.409178729892936 10.223919963565887
-2.299675123284897 -3.540296876844698 9.003439901216828
0.7548942988458496 -7.959357778237271 7.273891485731672
0.2609671992645525 -6.07105666585456 23.647569198175642
2.8515445249200013 2.809546830694936 6.026107173493001
-4.771258606727863 -4.822744146286404 0.3738327716985634
1.4980720449926377 -6.069960357485682 15.704422926425451
-0.24409002420930392 0.6348528447441689 -3.2499979999999997
3.0949838861056693 -3.216016339167887 8.288955740046987
-4.853084310739326 -1.9523871010404907 6.600245084748384
1.7284567190261417 -7.07 21.00157197983471
-2.2044224408595454 -2.375821876376879 8.406041555676318
5.894562219500333 -3.2470218692507933 2.8051510403385427
4.9606483134310455 -2.1480728409172487 1.0520764910857552
-2.0322763469304084 -6.148938221581032 11.598081883393057
-3.004058447465423 -0.5413329210422966 -2.2499990000000003
-4.4411289942624474 -7.942029913175127 16.739899232980537
5.300121117348108 -3.7070806475996587 1.057384965314398
-2.650349788253133 -6.192790000621249 -0.70654912520396
5.877615419303771 2.781545797639584 1.0488438125436919
1.722418956846574 -4.344723315669295 -2.2451272838189316
4.1607695987313935 -7.8105205444049375 14.856906938873674
0.7646638653317177 5.067401380358222 -2.2455748775375652
-2.7668021958438365 3.427695499534155 -2.2495902679323683
-2.5953663703940055 3.3785793581726717 -2.249622616788909
2.357578092390177 1.7601193080622788 6.606001559621857
-1.8385281557796487 -9.650840372871825 17.229355012661387
-2.585721363583472 3.828676498462672 5.454766496895246
-4.469671834448477 -8.45660447845051 17.610419221043212
4.958602491105892 -3.2628101354332975 1.0490318710602005
-1.5250608842182873 -7.586189425146578 24.08529442455847
4.853206390415862 4.576158363212874 1.144776239236849
-0.2860854442392022 6.457490214739933 0.9277214477009441
-3.5297196258775623 -4.0141691957008865 8.231842066636412
5.907634921920236 1.1790422467682145 1.0606780654507009
1.6813660685533096 -7.227301906477261 5.974982702636539
-1.5128086778917151 0.1596298858388863 7.562052830383642
-4.295129120548891 -5.403475177514068 3.501085815500815
3.4332802360269055 -6.071097912267726 21.252426144056365
0.4413058420922978 -9.8187958133224 17.640282145204242
-3.989797990787817 -6.853873435263501 15.883560810647687
6.006442532267295 1.075528147711262 1.0605566301533285
0.7264688303614019 -7.217956258764022 4.91705950963681
6.214156771767638 0.384256476203868 4.401123058582931
2.0256743389818648 -9.472166709049274 15.14130792347403
-1.3690302273749773 1.544019295935208 -3.2499979999999997
-5.069270257831758 4.1529570774361595 2.549108805720794
-1.3920423619770168 4.73027838775206 -2.2477583179394993
0.38444341914081454 -6.089615721741174 21.70708222398098
0.9340150546616414 -6.642189504552061 0.5053076458657904
1.4846043739778765 2.1052663373962366 -2.249715914339312
-5.28193257156402 4.160212491430055 -2.2492040426326954
-4.392587844715202 -7.148344671336392 21.561661196784797
4.548609630606572 -5.032034864747368 -2.2153258439344388
-0.4731024158610435 -8.343236902206936 8.488134179216361
-3.2396155824890807 -2.7147728415872447 7.994635541588925
-5.538607602447858 -3.875208081295452 -2.1680452326943813
-4.916273516725513 -4.838969456443484 3.3448319743016284
1.476769820494354 -2.0334658135172248 -2.9613925017178007
1.7323127925157906 6.580483177321357 -2.223912779744696
1.181676251698725 -9.863327232702249 17.71492127658524
0.31346841364687655 -6.725470534795044 0.025623279142792527
-3.3621545880910855 2.6527524221543306 -2.249586318424413
2.0619380342297857 -8.20757964141443 23.059253330769515
1.2786328552128978 2.056228322157156 -2.9588985656748905
-2.7734880834061815 -8.375161855993728 22.448153252117276
-5.921116297744672 -3.3475620405662965 -1.5874541921756753
6.353112281318117 -1.2987157676734886 4.052773823819326
5.983936252150757 -3.0649585334136695 2.4487661993435905
-5.243916590131136 -4.310013216930671 -0.44575722902702797
-0.3639147410895959 -6.697908185888658 2.527302338389967
2.3834755508076446 5.898522044713157 3.502796660639324
3.3674148687750773 1.2720138943037604 6.438466823769937
-2.4908786026127254 -6.070038819144617 19.31202174072203
2.6733376868029617 4.4668956397979205 4.976747581610661
3.2228475926019544 -3.8060473384867706 8.569870973748692
-5.1238677504628685 1.7190719000229857 5.332636713912259
-5.366627832809034 -1.4092579405719532 5.936010780436285
6.757454606753171 0.2566200491673023 1.6138763884538867
1.1599072091350253 -4.483437983065591 9.967998511324893
-5.992332527122939 -1.9312420011299685 5.025769432738159
-3.8365855403249363 5.440679143977672 2.1289390001620747
-6.25572283866053 -2.728892183328657 1.0876188474751172
-0.9807635411401144 -6.9636637375420625 24.32028652206014
0.07225585741023402 -6.008108873760103 -2.2452847697582925
-6.630094410799164 -1.5733222105164943 -1.2840314983657597
-1.1891844858787042 6.652656884879647 1.2829313504189828
1.7614168127340044 -9.602712108992923 18.701569705282367
5.91082831218198 -3.047833827652455 1.0735400513441886
-4.153437308165407 0.48139243973801016 6.445193648555625
-1.6439479484042945 -3.781592318457496 -2.2496893999195664
-3.2290527791018335 -8.827293757991024 14.34251744040697
-3.3678592577544464 5.386334211880554 3.467579206246157
3.6456710444198035 -8.129787517126443 22.108987193083685
-5.164353800568869 -6.117853487053754 18.865385196044418
0.8220359825567038 -8.598227531427256 22.738442592134408
5.73616451572386 -1.865838543447749 1.0715331152840055
-6.74438554903561 -1.0027628462526066 -1.2444931587120238
-0.6154798302902595 3.8868088306732926 -2.24786440504258
2.057818125125312 6.3815929294669695 2.4190031413117747
-3.228806230438862 -9.099183268730021 19.28298235706425
-6.837235610402846 -0.11359960034021915 0.3251655317774962
3.578856252630178 5.6784019356109106 -1.5242295098998784
-5.06761789558737 4.59780061527074 -1.4654826091341966
3.948444242679801 2.506900583772196 -2.2498963932609
0.5422199186706894 -9.602931665582444 14.442758350472252
-0.5326299654036976 -7.9585510726376585 23.940734728537223
-3.8892897138835445 -5.567923610794991 -1.6196470310958586
-1.5648388625501255 -6.392730000038559 13.016913829422444
-0.7444109822575321 -9.463142653622917 20.367286780461708
1.4689192091596244 -7.278912925669307 23.939952817149333
6.4492227987511015 -0.2636264187440861 1.0721661652812777
0.5875010697806932 4.990443235906778 -2.245742524004857
0.8712318537881996 -8.398539612706466 8.775223339491538
-1.793976740538743 6.627940009238994 1.1167139856160757
0.9485158607948719 -6.070133942510529 22.43921243702429
3.8783165222956764 -6.809813497535816 22.524696439756223
1.4670996148366509 -9.483017431905646 19.74312107375844
-1.1380382481073905 -2.200272899603119 -3.0391657316904177
1.9295172595911785 -3.2680900518118534 8.875677981240363
-6.301915690769186 -2.3353587902495225 2.3056446528447188
4.0500037974637095 -6.4376345809293385 7.640453464748918
-3.896861857967772 -7.993947217117231 22.142369540422514
-2.8583959965657475 -8.915118236919719 14.07320898863597
2.3392297400682294 -7.6058140575003295 7.887243838657457
4.596792221641148 5.010094261462501 -0.7388064687987728
-2.752593157104386 -6.901629349146271 5.987956292340169
6.507256708135843 2.0882039208408387 -1.70324833513898
-3.361434944307856 -6.315327933431631 5.2900266316703695
-4.640212612300719 0.8650025931273768 6.088496962103369
2.587245461027579 -9.245455547353272 19.26850855439592
-2.44578515815404 0.36193045473059704 -2.7046638080700607
5.514890247025696 -3.8948026756489473 2.2319352723641424
4.769387299653512 -0.16376251156895172 6.303265467646048
0.21262764066719356 -8.856248542260586 10.095548124993782
3.4498532398684665 -8.732505057333695 20.82835444191672
2.889873445773211 2.832335931563678 -2.2497863522736394
-4.769474536266352 -5.084419955196507 5.195618754155537
-1.3266957143840525 6.598374880407855 -1.642411319469566
4.486801185096489 -2.9545259540988673 7.048104078945118
2.715755358127413 5.604392256425596 3.7055874180977346
4.4844913854744215 -5.354279589446756 5.225059317254831
-0.2172835497903064 -2.0780080200067648 -3.2499979999999997
2.8607256642172483 -0.7253073099776898 7.448099335081787
-5.490435009006609 -0.33926354728688024 -2.2499990000000003
-4.893222062028552 -6.071364156303698 20.109815344282143
-0.35956565294147297 -6.459776148489779 16.862810822925727
-4.109142258794177 -3.1454273893437206 7.564215947337671
5.092406927033824 3.0884790820048638 4.5405292391169665
-5.469637058217989 -3.5245377535783375 5.07948445402631
-6.710265421180331 0.8050289209126646 -0.9723013937736289
2.5231409902390185 4.159976653554893 -2.2477469328218076
-4.429739163290952 -5.843109467149396 7.88018672869301
-3.2448493529307996 -9.048489228244078 19.60441202780281
3.010810566768598 6.00688877519379 -0.900393908461148
0.41200580835740985 -6.717635993463028 0.2526612489928973
1.9828927661187281 -6.06993759754694 14.928143479132755
-2.2226833133905126 -4.483969381380672 -2.2477638022512068
2.498471442573532 -5.581296569566478 10.511063244385676
-1.3589673805479159 -7.237800547235159 5.573105214406805
6.716819610939208 -0.5639226174186222 -0.3970839916302588
5.861414096003028 3.5558426615814467 1.1339618489836032
-2.9333959214207797 3.3898918970092833 -2.2495686378656603
-4.657159756487696 -4.972286415955686 2.0085597960935266
-5.800589698363686 -2.707601851875716 4.79334519364395
-5.962059016134525 1.6389543278763032 4.317455337425812
-3.803699978445707 -2.670083560315486 -2.2499990000000003
-1.5820932228631661 -1.2523137689049628 -3.2499979999999997
3.4337752445694156 -4.941177529373708 -2.245075263865485
-3.809615102906299 -6.362855941768297 6.418066710230807
1.3256925261853865 2.0567301275504546 -2.849004980966934
0.890548010894885 -7.07 20.729118229895857
1.8183799780521184 6.5610170556697325 1.502326009333328
2.8242181992679702 0.21225909127804282 7.081757762119027
-2.6810912240001605 2.362307429399512 -2.2497257580350993
2.6340852600263 5.019358547571865 -2.246648995860067
2.8481473356814355 -9.14535302826216 19.208732731113916
2.328869397532372 -6.845291754217706 5.457167192589131
1.0191518934324486 -9.643251139582052 15.061511547547818
-1.9268718747078986 -0.03391605384278108 7.569065155870044
-0.06258012200669075 4.669651284586072 5.341667731066455
-0.8980769956128395 -7.07 19.37545608546231
-1.07582173177328 -9.567422685618805 13.996379145974675
4.5093511226032446 -5.081249323046238 -0.9658970595020799
-4.9580845215942535 -6.097389810371062 20.162588395872767
3.406157923253078 -7.544491871290565 9.729318427168396
-2.798974139708749 4.236496096985438 -2.2489381038029386
-2.9609719533663252 -5.24257410964674 -2.244807268054199
-5.294877439564139 4.237720337690827 0.15233135922668295
-5.360542906182508 -4.189006411762483 2.730532605084451
-2.6772044218196647 -6.078057762914572 16.14041693803499
-1.2067031921923306 -9.75985127235272 16.61632377635107
-6.394567812559053 2.1398088023381936 0.6063506913493539
6.032763114383119 -3.051864516159745 0.8501966204792698
1.8477011465999944 -6.380181147576466 1.0656602509747968
0.9643092470483495 -2.5561597798584 -2.2499992064910543
-2.6710279966538097 1.2247283655142172 -2.249857734092391
-1.7075073505705898 3.6697598009691026 -2.249245340320184
0.5287710816341779 -2.2879578070832065 8.738224296034263
-3.8690578508218056 -5.584973383362268 -1.267389242958084
-1.0812579207361113 -0.03740946059029944 -3.2499979999999997
-5.727441900286278 -3.531263837420205 3.069529843596487
-6.789980212658439 -0.9144297110514895 -1.8311775631194052
6.364487762763231 1.6868178011197312 2.7902062429652044
-4.862688966697278 3.976654035102399 3.653608734079324
1.4573334743945552 -5.572952832639439 11.297982307931576
-3.8883812583208317 3.067856999850326 5.44329970097179
5.747975293188973 -3.454641181939501 -0.5461449275666539
3.6120866755687193 -6.255664310854248 5.463057707065825
1.047869222085945 -4.353121342253496 -2.246004301929295
2.3435158469069046 -6.333783692502763 3.4067341142527496
-1.9565399987342609 6.530101509151634 1.1014005195093646
2.346690535327723 -6.188633143655014 11.848704814901629
-6.0360568021302115 -3.076276656849006 -1.3630081740443862
-2.2211968709262977 4.877708412498078 4.696553820901467
-0.6530346745125928 -4.081249406461169 -2.244085718009214
1.0093232993493213 -7.07 20.178023774950688
6.749215567667331 0.10582223335586921 -0.4390128126021478
0.38847447367178245 -6.644699621510476 13.854537639384775
4.956785663867082 -7.023721194338678 19.65184403730186
-1.2244203391329935 -9.487612826596328 13.868027079650547
-3.1590398531433665 3.0791013201722484 -2.249569098969789
0.5136690976449244 -5.349770535798197 11.073415242474722
-6.057782455086561 -0.17989673504158252 4.893196277400809
-2.075007509952655 -6.9057498772963 17.828960046065813
-3.1835123222848942 2.0318714167483996 -2.249685335338224
-1.6154081798264504 6.6195793033933885 0.2737742796063141
-4.896999063751321 2.757769380339874 4.828211756446838
-1.6933894343918294 -5.638427610554765 10.919916308084735
3.9898080332426837 5.019537443059864 3.1339082227091746
-2.9757308377598237 -8.059428485159877 10.462728106222494
2.7992693417480314 -1.646856658453746 -2.250000551428343
3.9509484000513018 -7.115079424946968 9.749525472799117
-6.7545050891682905 -0.715322129155611 2.412254604583198
4.253868931729256 -4.053428987213815 -2.2480187857751894
-4.18738122431207 -7.160483291948477 22.00220189189568
-1.9066704721647627 -3.5243767428334056 -2.249717987717327
5.652379275900677 -3.6581738116181746 0.5923662058326252
0.04056337976464947 -9.795454962273812 15.80193270275337
2.2470034266769168 -7.617645720573103 7.825569767784046
3.9427067509975315 -8.184507122930436 14.150119163192878
-5.481251370306657 -3.9949778025689624 3.330310691911067
1.0211433537042374 6.706930006464893 -1.2169092266041803
6.338361736708231 2.1742603666292943 0.582954390833929
0.49882874152363404 -7.946193424223426 7.149751942177529
-1.2523788786575212 1.7388431490807437 6.982995703691691
5.806159245746672 -3.1964210754318865 -2.0672368048555665
-1.6695799001728913 3.9306678463381592 -2.2490172834177704
2.4380680819353318 3.050956091683695 -2.249250618216498
-1.9861804857567036 -6.2957472439474556 14.328810438556419
0.1558061489681322 0.08587668067093872 7.695357303440536
4.373074483112821 -6.071714070145247 18.77037478358183
1.100429482466472 -7.07 19.283028829919086
-1.3726872426665198 -1.2263648798877207 -3.2499979999999997
-2.026504678938816 -6.315808984767656 12.607844770007
-1.7808158607932476 -7.902813743657952 23.756193262117748
-3.4415339672720258 -5.219130797030923 9.359562324367442
6.299518082265247 2.5258249915168007 -1.0569312862732292
5.506477295733332 -0.6824728749885138 5.764077984959742
-0.9792375076373088 -6.589062420733045 2.425086951599955
0.22970141848172415 -8.429535764224624 23.15509704868341
2.4880760543108495 5.941775729653011 3.3564689982009432
-3.699166559111564 5.645697161229143 -0.5278008195674803
-2.1405006983238537 -7.055315736912367 5.451906257956166
0.3542992193337657 -3.3277735691242807 -2.246602250060418
-6.583654793887653 1.5698255006436548 -0.5397219121755488
2.6191191856692884 0.8626234159636301 6.884727222308061
-1.1387147750179925 -8.44989657794404 9.138029743441917
-0.7549914385734849 -3.379707578388199 -2.2497986054685906
0.8030917445654047 4.245454507219101 5.522612059772579
3.8610525122801054 -6.255687132778312 6.3265006732469
-0.1848550815585888 -6.384187023039166 13.239815932829782
3.8117104435550395 -5.6721511040089645 3.129579829552921
-2.4202819959157242 -9.003325826903124 13.672228038293788
-3.628180294518873 -8.869255936894408 19.575393942642453
-2.6375836308001754 -6.758091049423099 12.870836080558917
3.867051492727769 3.8924534961116612 4.817154234484395
5.76802732677338 3.535096562912444 -0.5639943839727881
2.924681810716322 -7.909083228820063 9.793695117829827
4.620476619794439 -4.656488684561913 6.501658278053323
0.5497772574938671 5.792288331410076 4.1644718177132525
-3.1793241399097756 5.976435243407544 -1.0399996192118024
-4.9961039123614785 2.602612031284182 -2.249605279738587
-3.7668207161593177 -7.831348749309623 13.089850227230668
4.627472568321505 -6.073556912596085 21.408739912667592
4.610904431210485 -5.003863130631515 -1.132043552553913
-5.5671533352964655 -1.6551132962168404 -2.2499990000000003
-6.8153717880951525 -0.26212479150062046 -0.49187634229086
-1.1799246690882554 6.432179833135744 2.872651021273852
-4.1067293195427625 -6.884201906740015 9.329387189781931
-0.010350926296508797 -8.390261940869786 8.471396947560804
-4.292407091305529 -6.071005948202569 19.730095490688797
1.0264697046575395 -9.189694620757235 21.40238716161872
0.240469201099747 -6.031111000939815 12.022319405009576
-4.3767321202746245 -6.394915822054761 8.746714791820983
1.744611488395737 -0.9392232085609513 7.864263842554712
-2.861925819996332 5.995830919291953 1.149499352003851
4.0528801545181725 -6.071413444432086 16.82598890240417
6.349750832154934 2.1153603063798565 1.2800737976711212
6.500478336213063 -1.9162357174562477 0.7741513599378034
-2.7696204210219495 -8.964060756130344 20.844530671349094
-3.8528536139797254 -6.974994213091447 8.755751918749624
1.783003597789414 -6.405359659121277 2.394331532872318
3.51725017356969 5.371466215698724 -2.247450866022017
-5.448077315313343 1.2128622371424695 -2.2499990000000003
1.3302857543241235 6.67420838611801 -0.9935132123137711
-1.5095337361306347 -7.190114781890493 24.18120963319473
4.177077291813342 2.3611830261498494 5.598070188922291
0.3644392615130068 -6.742688783687122 -1.8730893772958064
0.449310949043045 3.7811585363347513 -2.2476640976416062
-3.5869537497245223 5.331386175894505 1.0573529008962423
2.9011336837677035 -8.725836695334351 12.847818052181898
3.3198174993011857 -8.156559170665876 22.358005993774054
2.2385470781511265 -6.649038490634982 18.113953169395568
-1.6931081595017525 -4.5860405711223695 10.167963843682143
0.0354898168891382 -7.890591443417459 6.9310484080168235
-0.4951772569234824 -0.5197989674769209 7.918185870518175
0.2170111689032122 -9.724330517291047 18.50474358747867
-3.2293454082745967 -5.929692043716401 0.5323271204494908
3.316972668322255 -8.042945367361524 22.575860403607475
1.9500799556422963 -2.5556458540204594 8.432158518088643
2.170847502568975 -7.050513407354318 5.939744010042242
3.1166185899605776 -6.967935437839869 12.862768139103606
0.6271917733250895 -7.577069306966182 24.2060210269248
2.101422608557704 -6.070006994609491 17.284439920426653
6.691835088839028 -1.259745118470124 -1.1091164855667066
3.5583501384512024 -5.887813511628 3.439565185876883
1.4814646294951814 2.094349944651263 6.749497702287591
5.061550312918952 0.2932996495713359 5.975533690619125
-1.5564113797575283 -8.44803092202274 9.529613355364654
3.6093494063770737 -4.705600254878941 8.769192326420553
-0.12489108062386842 -9.838985550035115 16.079382198189844
-3.8939563639585373 -4.498932718968095 8.275785552671335
3.6805885798308164 -7.5786526446460005 12.714796359049519
4.3483140134138205 -7.974169879468877 15.782696461336482
0.9668601146451399 -7.179284939282847 5.052905851397375
3.651401193753476 -7.396750632588528 9.840874673864391
-6.562979108239192 1.5223455774043073 0.30381945628053153
-4.042740788945398 5.318029792300372 -1.8326999967586841
4.565950813698621 4.088529098263017 4.115215302357984
-2.248036382373419 -6.988407674512508 18.825300857911948
4.033524894255237 -1.1076592005195245 -2.250001517523901
0.6408722834124334 -3.38340214992907 -2.248807696018165
5.4246879021991115 3.5539749516000994 3.277959960603212
-4.43607551460176 -8.433426988548371 19.114086397148096
0.17165155610460275 -9.323913830158308 11.9731298061828
-3.441478531886118 -7.303988277110837 14.162034041742427
-3.7020944227972206 -3.5748264927614364 7.928690755682305
-5.5242828382178715 3.920268428048691 -1.0154409212183675
-6.821782764876332 -0.266295394481286 0.046784679529195475
-3.072589364452374 -6.743304023723974 6.1189341411765135
0.8967319346401752 -0.7226835910390866 -3.2499979999999997
-1.7651450854606672 6.348903037105257 2.6311425936282005
1.6181299549911377 2.2984105731684696 6.62383991219532
-3.9685431528919923 -7.665992372016224 22.315907262582645
3.104965248449493 -6.077059148361254 3.2981968674944886
6.604958478277669 0.7734144739027975 -1.7140989716855033
-1.4770783958083036 -6.652347129807058 3.6930918189556814
1.886180239218362 4.467378624474656 -2.246343143442357
5.605250118485095 3.810104556980861 1.7052137644180552
0.8273574698540278 1.18576857331907 7.246926981651702
-5.58002855108186 3.494077938810844 2.9625015574480615
3.5718158219151044 -6.07152496965724 20.34835976280938
2.433110182371612 0.22925239198900021 7.199110970245029
5.514006550245795 -3.864398405592367 1.7004947923408298
-0.11995695569506047 -5.93135117967566 -2.243497448164225
6.597024612164135 -1.0266474648143806 0.7006576719831175
-6.456584241614527 0.5962547940829643 3.7119929332189256
-3.636097671492438 5.327527049659348 3.0500714274120204
-4.321351265566509 0.254239217495509 -2.2499990000000003
-0.1676015400802724 -2.0188312491988065 8.496745333652383
-2.9428633693170383 -5.133782945051459 9.700001846053215
0.2710871058597148 -6.791304770727673 2.332944316845448
4.9714809876517645 -2.1926666612832433 1.0474263439368974
0.7616734599648949 -9.31095821096175 21.245728085417788
1.701035204444707 -6.0699498392870455 15.335348737583496
-0.3915105139306797 -1.7059271639170461 8.359174719194264
6.712428671730194 -0.41315871632736595 2.3430641021571526
-0.7982336734168652 5.646657489690232 4.315952519656884
6.7461158242317865 0.0012757494627577137 2.753923374475459
-6.652771409337508 1.0378599558557038 1.216957475447426
-2.5160737622730185 0.2517970182503856 -2.4219361653774305
4.448897733776038 -5.215277881868583 3.5193570871488973
-5.584830523663586 -2.133972092330073 5.758281436854749
1.5521516107079885 -4.97858152630824 -2.2436077190792494
-0.702020664834152 -1.659277262157401 8.308723840270089
4.058434732165093 5.198650500654625 2.0374575115717786
0.6539002009286474 -0.46944624672387614 7.935076637743042
5.108756780484344 2.703405802375938 1.0415916630999393
1.1440085195661116 -9.479093742878776 13.728715158886834
4.408810227689895 -7.918722597607913 16.550625259543487
0.4514425587271248 -7.010005624714588 3.6195946240425068
-2.882104053391901 -7.735695318534706 9.045815835704865
-3.6769010882964444 -5.714238696682201 0.4723126215093918
5.930576978386197 2.7398275025926546 1.0493429521891087
0.8828956334581001 1.532121571549475 7.103237939205731
4.169388762956544 -8.334718342534213 20.714528146320998
-1.3743371447958055 -8.016561923140523 7.920595217721373
-1.5793943759084161 4.298907440668651 -2.2486887791108163
2.650439183114819 -2.8897166374453604 8.375474406313955
-0.5268656748935565 -8.563569448855365 9.165229202147232
-3.671986350062897 -6.071235085743187 16.744044956869928
0.8142623357473644 -6.070017251871971 22.06880320233146
-3.4473548622402754 2.709598700813794 5.848958892291511
-6.65051224858859 -1.293484262608128 2.1141311052850447
0.5751867428059259 -7.07 18.542911715725037
5.93000415694492 -3.103660705333382 1.4817061961973237
2.165770468656129 -7.508554115391183 7.391123792851448
0.8348060435289607 6.570906706078607 0.9993915164306197
-3.870905474850159 -7.559815491149595 14.226948811034553
-6.0806399427682605 -0.6554118449209744 5.012658453969553
-5.668390297605244 3.605670423024966 -1.8485507980880813
-6.502097700225528 -0.39157120916378485 3.827541113705077
-3.769305458544512 -6.071253758485971 16.60646309759641
2.6921149899268917 -2.94049833403009 8.383997430605556
-2.6850351772314083 2.7202271206863995 -2.2496841128281178
0.4233096317916495 -7.175554444213953 24.257472112271802
0.9124329535786427 6.693262784528193 -2.2427721483436485
-0.8747663403653819 3.760803119771909 -2.2484428444536624
-6.142728967342083 2.769971208094624 -1.2824250820040526
1.1165686644636286 -9.172230253898759 21.40508266090197
3.659345724934102 -6.071143207606093 17.04623177810058
-4.575033541603966 -5.2166389935069715 6.662808797536654
5.095808747074885 2.2928229481068723 -2.249981509224061
-4.075149742175239 -2.931538937564545 -2.249966253507911
-4.680146533092016 -4.876539083351918 0.8142204301484022
-3.7718101531173978 5.4948921134446795 1.6491948703910773
0.07220762580506038 -6.651541692600732 1.6221696854557495
2.776965512516217 5.130529967327991 -2.246699013692293
-0.2341214778976858 -6.656672719972595 0.8856030010228215
-0.8654014890357319 -3.8289045627398726 -2.247109723909972
2.4946436232536793 -5.41022955192141 10.186323767191888
-1.3784821527804367 6.651537164509234 1.2820221011470205
-3.30675565640021 2.9454605612693623 -2.249561397441743
2.607339290840894 -0.37601158504159193 7.38776473934858
0.8390217219519263 5.9078298642126 3.95103625409528
-1.140584056132622 6.132045550724602 3.4246539257584314
-5.541081177803726 3.8106489441100706 -2.2493368627935424
0.006414384453959452 -7.422647249001535 5.55278619860291
5.663626652025778 -2.9936967714862757 1.0497236093632791
-5.438783146487088 -4.059821945141921 2.136193804315234
-6.088842969738381 2.8696672035810127 1.8838510468738225
4.907490032297941 -6.998006691133965 20.12639614893971
3.330416005641689 5.647717444249787 2.9357987526437466
3.7971518718553434 -7.483754754492078 14.424936814476869
-2.6473042791458243 -6.081022337770476 15.331443670814677
3.569221878268347 -6.688292270654483 22.955367783593847
0.5382124224381017 6.7563967810531755 -1.7035558697688742
-3.5730428695024643 -6.070572704263137 19.813217898473734
-3.985285946437922 -4.720305730117404 8.253627752960888
5.552236419642996 2.7420830156173226 4.167494730195414
1.7019741040299974 -5.386964947481789 11.027014101283827
-6.559720764578994 -1.6217803493609728 -0.18588491384507552
-0.007194526069983272 4.289687267988063 -2.2470134558393187
-2.1988304764317084 6.391389175853722 1.1677523723721304
2.205276957962616 -0.7293046805551142 -2.4266909013887275
-3.99223965166289 -8.365290347392202 15.100279458916438
-3.144352311391832 -9.143613790293854 19.371791112696222
1.348675600137891 -6.441310902354655 23.953815787217103
-4.5452235987430605 -4.557634703589127 6.602920004755094
0.6244916709320314 -9.544492776229536 13.990005676516692
-4.23494752375732 -7.510721967126932 21.78819926599639
6.420723719306778 0.7656324767888156 -2.2500013345312317
-6.639755386722536 -0.681948730364131 3.169663618135061
5.0989001673820935 -3.2959861292537056 6.4429271232756715
-1.9095567513742262 -7.07 20.64249480275004
-6.0325546701866894 -3.062499699233977 1.9551568161987691
3.584065612454185 5.030102998501321 -2.2480526737896844
-5.016248699458619 -4.751494606306304 3.6254995228494944
-4.370834037590706 -5.190654033209103 -0.47265630494179833
0.47913380177923204 -9.660552756422494 14.899528186558598
3.313555920628274 5.885472538248975 -0.34983360810719455
2.099954888918717 -6.830358018910532 5.163182119570643
1.6819772741937837 -9.52519250134452 14.632075624825644
-5.039751997029063 -3.300802222426709 -2.2499759565931114
3.0184811835019434 -9.064460611625686 19.34853887244896
6.202163605381407 1.7759419208031617 3.305755734787118
5.399256274226856 0.6071740977649558 5.68165179999675
0.0809766373663234 3.7972286060885603 -2.247810544448587
1.504433959995033 -7.6040185712870025 6.9826555789721025
