600
-6.44286337708318 -5.3764554698058875 2.3664472659051974
2.2955111637986123 2.119659146265883 0.19583134257230023
-10.641791843700418 1.3704903884178359 0.2135596060364609
-6.0064478802662995 -5.360343403423708 5.499779996042927
-4.422470643247518 7.794652785092156 4.921637592473383
-1.7031772400599783 3.370438110552021 0.19268144205925788
-5.66182481349938 -8.149673493993417 1.9404126277564735
-6.045932802059945 -7.395329551813601 0.06803529325596246
-11.29642387770964 -2.3436986735271974 10.175407641407944
-9.35452993601513 5.838029009705611 3.455583285576705
-5.474880462269638 1.7277947792270791 15.75006359154586
5.439878827413181 -6.951200797050998 3.0699247351152987
-5.771507393401679 5.511809605350817 1.281711864671482
-11.298266829371222 2.909010349965392 3.034666158725799
1.1862204077947744 6.805325780406321 13.793473632796186
6.0123583086734005 3.673011439298574 12.55138631477522
7.651565950533288 1.3812909694922957 9.543766228309744
2.919279970218738 -1.887278780891252 15.750004084496027
-5.581768500471201 -5.4082081264771835 0.18736792899121588
0.6545764808784105 -0.44214046309994814 14.749998999999999
-11.29758433588724 2.7565300713459426 9.18289926449081
-1.828595152548553 -0.9969667444458701 15.750001723670806
-6.264625912079266 -5.210382516946889 9.953921905538643
-4.080728695662182 -7.300625162158697 0.17450882360733494
-5.616894738475238 -3.9078601524026313 15.650679861959851
-0.6735939497364993 4.611349215117855 0.19278609731815893
-0.31625100044382853 -8.088103493791454 8.022733756109636
-11.295406279320954 -5.366125705425971 1.5156830640768142
5.64040967983511 -5.533261123681646 5.627833152317354
-4.19989166706792 7.012757142597177 7.484925847955326
7.672010486497885 -4.48597416328235 5.055980051334898
-5.423778706303986 -6.143311854372124 0.17932621791103265
-8.148453457144443 -5.775211190765937 4.566385515161428
-5.592800754847299 5.712831714668376 3.423964307860594
7.943388523016378 0.594593269346014 8.462510110023874
-6.676188348393911 4.22688038298965 0.18620454079425017
-7.851499112628342 2.973503513396493 0.18484341642119206
-6.2730487301341755 0.9589563567226913 0.18953289631595968
-11.29620743053399 -2.8052117181233722 5.859679213558023
0.023412685373475073 -3.420403697545564 0.19360683193903283
-9.011600951192635 -4.900450834985615 9.284074139904499
-5.342935385840876 -8.049630521021859 2.7469884973574166
2.587649260395683 -3.452958769765911 0.19351956733237421
4.478952377635202 -6.344969937199377 9.090497063323536
5.483583204105001 8.495035916707504 0.16292947581224632
-4.224289522015445 5.949374053962976 0.18809023656431748
6.296463430496657 3.3178538552805477 11.949000934458844
-2.4208231002715075 -8.541403350240838 5.106540240110817
2.3633268213867953 -8.47021395321033 5.517983159360313
-9.504767963159534 -5.006900837624081 8.103044771186084
-5.510919486712273 5.715354011972332 7.374386778476177
-3.816953091385454 -7.512613257512505 6.763363753528441
-11.296829622637997 2.27389380452513 10.929001944274349
6.336346810924967 -3.2285268908876343 12.989956372867054
6.961220416411558 1.969145253166036 11.808241842317155
8.556357668638146 -2.160089615174772 5.266803363403157
0.13789240396472752 7.156773740319972 0.18970413182942028
3.6229581715831447 -7.149406345369309 8.64558248945085
-6.171240409994443 -4.952195510144258 11.605362601600698
5.203177563237976 8.347041451917034 2.0337771468784056
8.327181110701344 -3.3374327650663576 4.977356736281484
3.220890811499623 -6.500408572019296 11.58699412104578
-1.4293339950301145 5.824846557654526 0.1910070760142585
-0.7051434868554105 -8.100002588369751 8.124688336423022
-1.077663675589446 8.425350079572222 6.229790865176857
-10.791195907794513 -4.638957049594467 11.719306271247978
0.2078928521409366 -3.8080201464552164 15.745364524947023
6.686622830212577 -0.22223157929351844 15.046429202627223
5.771664690305362 0.3453893663085083 15.75009151479371
6.975986373476195 -0.9522163386642767 12.888131883333484
-11.295836377633197 -4.864210797992899 7.472767283474083
-6.833019298668541 -4.507213223191815 14.225938144529346
-11.296501073862506 -1.9715638111492948 8.398654222827364
-9.679627318220728 4.925297964194251 0.19612810051296087
9.600917955684846 0.4309860490219093 0.20802516973472
-0.15043473203428492 -7.354668117338183 11.40348682896071
2.5305117653632916 9.904391335137062 0.7851625438571285
-5.8786237268642525 -3.0301976203635035 15.684645382985435
2.629484929479971 7.4338142909152705 9.064482836392129
-5.849599263898794 -3.4053557298941355 15.015164341215218
-2.6903462768032873 -7.315708299688059 9.086724680696648
-4.01814514496839 6.685705693172911 9.291321033373931
-5.4988900539811985 4.155211194589521 14.781147575830067
1.6194611764208027 -4.435739034642108 0.19314121648164703
-5.698037388309657 5.633217785366921 1.3563632035193407
7.823724414300047 -4.694245170335543 4.291686231745394
5.65008212381953 -5.608406400031018 3.777820085783201
6.484352110309621 -2.1132940272290908 14.891454593891373
-6.255256646244764 7.675977128302904 1.2055087941648164
-11.298615446085487 3.30156104656779 1.7606866631145044
-2.4108882630859396 -7.3150086764136315 9.419523806554238
3.9833325351665323 9.021078423960272 0.17199595956705302
-1.357978614284066 -7.926614192086187 8.453448222259974
-1.9324820117714192 -1.50967653393758 0.19445290325494535
-2.837133781618771 7.213060326218845 9.522526028458303
9.88668285113454 1.5074471347770477 1.5028237968189215
-9.334089690882927 -4.268994697627465 0.19585538013689113
8.473676391899081 -0.8282999703044988 6.496488155623287
3.758664139708324 -3.521738228299895 15.749195690333497
0.1265544648951837 7.380637169559814 10.999804363658585
-1.8481139837535652 8.754487736496937 0.17702260830497116
-0.9793093962068733 7.403093015525589 10.54436151058351
8.911215397212871 0.249210410086146 0.20537745025209506
-11.296609329617525 -1.5765404576598252 12.511047591170463
3.5614149655313287 8.193007947662135 5.147428871541341
-6.143613547366417 7.837260562570636 1.191440613026626
-9.855589519990486 -4.396454907306993 0.1965292690067308
-5.6933083465140815 5.4035579993096325 8.221490452349071
7.985755068849689 -1.998450828413033 7.333308027662418
-11.2962401376949 -2.6926427818456777 6.005486313853562
-4.438550484504865 -5.787822264124921 11.736794525921493
4.333503408476915 1.748762939707723 15.75007737286124
3.649850777840376 3.1934710524236314 0.19623620522480684
2.4319397167666525 6.945681390277385 11.086041709246487
-4.787317912571807 -4.497126660886078 15.749530912521296
-9.252306509882018 4.315081593987348 14.52403004183281
2.2686659947544507 -0.4804621514740288 15.384649198907846
-7.9196110604969645 -5.418368011109716 0.17395245953791308
1.9598163079390056 -1.5870096606257496 15.714211998833857
5.441263167981204 2.3492663438680337 0.1958357009926192
6.475861216141188 -0.3369871810163759 0.19670397655022542
5.420293445527088 5.865845583250269 1.9051669653146894
-11.296248696287375 -2.2215199558202947 4.306659691806716
0.9081330843641531 3.916978870323186 0.19440463661352148
-4.814687336555694 7.879369589467748 4.05176926154678
-6.2544088830862 -0.6044388416856582 0.1907796589247705
7.47615711764908 0.807169038557974 10.383591468624529
7.277316510768767 -1.8547993181800522 10.301366034171748
0.9410511381536382 6.933841010970367 0.19070592931605013
-1.9957821360629888 7.778865054606647 7.857209925449412
-6.46227749197727 -2.9829774059495198 0.19220796065571238
-8.002602798386032 6.065997570962523 3.317013232505102
-1.1339928310336693 -8.69989628516093 6.047125739994047
8.307497433110472 4.315422536532634 3.7201268377429333
-5.717958086442181 5.454842523377967 5.392525575924116
-8.914734643755807 4.269122860586825 0.18314629095647206
-7.279518578905943 5.410915583311946 4.992750477533324
-0.24801135188281948 6.852364020439064 0.18998153029567807
-0.9338299309944884 6.581230403788833 0.18997697235088165
-8.617444260851691 6.102881898468604 2.375704547662923
6.441338013810259 -6.388055287040187 1.2730585249237667
-9.826090434143811 -4.550919507736839 12.786505953929108
-5.29162262396379 -8.58197181502395 1.3613560766688237
-6.128287829062611 -6.905501370836696 0.08219929059144473
-6.729706058965235 0.7253229563516372 15.750096656324725
4.918744606662219 -0.24004079969147177 0.19478048588864658
6.356077943723493 -2.998667743791598 14.029006413600223
-11.297181573514864 0.7846447178061912 4.780642428459385
-0.13047572421293618 -3.196929767893844 0.19370363136091928
-11.280430616397707 2.4798099279555825 13.88349385241528
-4.172860959651983 -9.208743940373873 1.3420328946634654
-1.1596828171557816 -0.9900920998508392 14.749998999999999
8.070543258339132 -3.275645532008177 5.773627187521667
-6.1508694499183445 0.21083973693335895 0.19035412814467964
-3.36849416578624 -6.0554002639700135 13.685416493055994
6.414406676087527 1.9481746762063403 15.750154905142876
-5.190074931805554 -3.953683504067387 15.750051724693659
-5.702146410328071 5.458124654169456 6.067308933814303
-6.38089221958514 4.983964606373046 10.86383441960281
1.0252431524540402 6.960349487668978 12.921406781383787
3.7215303115616534 -1.1908963741756151 0.1944219229165911
-9.072529048414754 -5.830606578187104 3.57025933952848
6.445807126916719 -0.07056295395423476 0.19681713649478955
1.238824339841332 -1.0956295241893363 14.749998999999999
-11.295854753229767 -4.809618318501968 8.819547810374004
3.014491771863261 5.939598082020983 15.75010321486324
8.186933023964663 5.891274087803432 1.4638195315852218
-9.310052872978721 -4.996988687898683 8.242423612956792
8.439212625816115 0.10825853290622398 0.20354916345794202
9.81481698438465 0.37682856242590573 2.371213747605325
5.617144270379554 -5.699583313376767 3.4671163759125956
1.3584525238549492 -10.133816674870072 0.6593849079313507
-2.174367520144672 8.602217406288833 5.080707892569003
7.45977593083402 1.3963063043855832 10.345438772076976
-4.394608778656252 3.757360029700468 15.750000077312823
7.583824341760627 -3.7575299375936733 6.538527122880577
-7.880246246163629 6.438494029934727 0.0984094425465797
-11.298453188994248 3.550865180582215 3.4164779361875808
5.725144216249839 0.5192898492197 0.19507113373941634
1.8945782819312948 -7.855437926527656 8.34805872796222
9.203403093290174 -1.163655701356877 3.897470423071504
-0.8955220335437019 1.103819160738876 0.19457963158195335
-7.265462905156844 -6.007249900170178 1.197406995071683
4.331025048932261 6.101307150167192 10.083960312196757
-11.297959759216594 4.155277176233575 8.0735867570556
-7.964232140922427 5.347673640549965 0.18278263918261956
-7.232884116669711 -5.395264391530871 4.201335535263162
-8.44576340708753 4.330015949371183 0.18261777607533072
7.314317059150255 3.3310648103455693 0.202696681359788
3.294269093317785 -7.709827512352639 7.470454974798442
-10.097591168383154 4.8767914500449026 9.376241186980199
6.836792577269975 3.0108148229068656 10.565935008915215
-1.4408375181794781 10.06750619656325 0.7889462122807771
-11.297315377570479 1.7930873196549957 7.71140868325832
8.711272222109477 4.248828417858955 0.20860074654069746
-9.532900005788603 4.096026075325267 14.668632809985835
5.406266544547908 5.553770474388677 9.514991155342413
4.1727027479724255 -8.78837054925594 2.653276858605
2.889206384279454 -8.969794071842548 3.337365039316257
-5.395064053616686 -8.631189591926455 1.0532897651235023
3.3343086210302566 -8.990780617497457 2.881392805869192
3.3897712854109945 0.5841191261733782 0.19516515089351147
-10.9591268056394 4.937841844483032 8.677101207235959
9.502141117440145 0.9527631096504249 3.1815996124355954
7.281414937232447 1.0182132934742623 11.152451465762095
-0.5705005007764989 6.91772274031431 14.33527917495676
2.7471152587572862 -1.7193217771597749 0.19423155275133908
-9.774903914574159 -6.472788431101886 0.37640384856047965
-5.261617160966607 -6.416470639993345 6.013823290931876
6.577740324522548 -6.546454818215504 0.8478014647648815
-11.292780877581126 -0.6566387866944433 14.210051412247388
7.538779505550296 2.8097691621206957 8.381494074376642
4.138484980595125 6.506443352891229 0.1890698558566263
7.816752406035134 -4.349235162619553 4.879360351727178
7.194230222598293 1.2783272744089262 11.48057625166947
0.023519619588549534 -4.7820042901871185 0.19273032378570695
-1.284476321260608 -7.404737144348786 10.368017168375564
-10.870737112566331 5.281428802785195 6.576848573790612
-8.211907387648735 -2.01424515323101 0.19154872485788
4.44875197643617 -2.834939780656726 15.749746729692687
-2.4996004260789304 0.034162664308451385 0.19393248202922925
-0.501668289311218 0.9122269298376902 14.749998999999999
-1.7006937929190218 7.2192462839257745 10.398556744236908
-3.849586535891514 0.7502896341330453 15.750036179042137
-1.3751142957339897 9.147756412981238 3.892256965227889
-11.297252411058963 1.7407397347231042 6.784291776375949
2.4699563759493586 0.19879424979605959 0.1950323578013226
8.081784662913357 1.5337469874527474 7.579532629728086
-11.295564676108178 -4.9464783644726396 2.7154142390822575
8.445110202691506 2.286196504059602 0.2057151842405511
4.58004908094628 -7.614585864152117 5.159941888970979
7.7837649486151985 3.6501558470916495 6.249268446658826
6.4577697790072035 -5.270398574932626 4.044956169182861
7.021105033434861 1.4819766851291891 12.162576348159323
-0.001919788329429739 9.663616254450204 2.7298615596247666
-5.7522781059795856 8.71561819719355 0.2217713111501634
-9.089345276513521 -4.5414091460171315 12.992953294380804
-7.546544887714688 -5.140508629045133 8.413620236295495
0.4260694541834106 8.853874779821993 5.4356983525535885
-9.209117338153415 0.12334477034379732 0.18940261675445996
-2.8283843846335635 4.1720539505624075 15.749968691767972
-5.242882302226459 -4.441457918377398 15.390197777624582
5.924529893583859 -5.336613755462212 4.89576532608013
-1.3514427424793105 -9.496792441029331 3.145209008044768
0.6460852655021526 -3.6586194234868064 0.1934904458168356
-4.611457872262648 5.364919309669039 13.609977899306841
-6.167083551255676 5.288428770498905 3.9735010814416634
9.558234030162243 3.372846204483477 1.1305762283272265
0.38095056905523456 -10.459415877854674 0.3737345396073066
-8.874365980857506 2.2165516212839727 14.938572739813655
-10.761200008661248 -5.170916120155233 6.640003197994488
-11.296089595955092 -3.2373388796399896 1.9012318703128184
1.3838881436443522 -8.588392990047321 0.1859313645879263
0.6179927667470247 -4.779589068773484 0.19272351170645508
-11.253016294764063 0.34504535986589135 0.38606361449688786
5.658946851844236 3.6710594701625494 14.482314365939109
-5.476227587645328 -7.255727551756899 1.995573068851771
-9.020859886587111 -2.3921802817928204 0.19285400333409974
-11.29680363577582 -0.6453335988568745 8.323848142943326
-2.5828502849280732 7.738633860744551 7.567412728105535
5.225666285102813 7.2608166600462205 5.0715217497647265
6.5154923217631024 -3.0399532502320596 12.051185714521397
7.660722172944184 5.618570329379053 3.4905213145676774
-11.299170846921745 5.606453474944634 3.862985037431345
2.2438187200080013 9.715273928455131 0.1893430774272925
5.164603502791854 -6.242208779238934 0.0461102140262911
3.0298533367336367 9.83580297007705 0.6388012936398801
-9.924860733422335 -2.5644077013298903 0.19395189302182236
-5.056645330203597 4.570575720384533 14.316504219552218
-10.165069825792921 0.9638048039789917 15.093652921889106
-11.297000047576233 0.1628330877769174 11.022929716855502
-1.6576464899436736 -1.5193877113664354 15.654944479952212
6.330721267187854 -6.57922911232477 0.0007690475553594692
-11.296379739512014 -2.5588137276596368 11.313167441275034
2.1401875031867212 7.855363714563114 7.526642863151752
-11.296550423571428 -1.7060011377147535 7.708368075891619
-11.296775535780124 -0.3955340856943129 6.605139853695806
-3.296165736881297 1.0601910249651296 15.750020773417228
-3.217607754203254 4.047497005958952 0.19112490964335668
-1.2612014251423074 1.4252778947972784 14.749998999999999
-2.6750467457000653 6.770356304870026 11.460692550103243
2.700318305515663 4.168381533481865 15.750064861730193
-6.667176194320719 -3.122634332244342 0.19190965076515096
7.047570858905734 4.322377000502799 7.248986593111926
6.195081713429422 6.5868867013432695 1.2625029924716387
-4.263202532470229 -8.781251915979924 2.4329870863344496
-11.296037929672227 -4.037084799804244 10.356562676473175
-9.884552013231442 -3.342338551506227 14.727510631362584
-8.2790043453405 0.8551545990970237 15.107330122328207
3.7306591442391386 4.4551979600444795 0.1962966546995885
-8.636809637469383 -4.47373802170687 13.77157126396158
-0.5396563418273582 -9.593114005983248 2.923852465446296
2.3855878273177606 -4.13606467555177 15.746713749024998
-1.187194615107275 9.65557989700186 2.2669553825718882
6.941933695556957 5.324356802025579 1.800527795287415
7.161193130909902 -4.685829964356905 6.272777157342542
6.654831670569548 -2.326059409738808 12.931073993459446
-2.8032887446069044 2.9847670638236963 15.749980245517003
-11.295947577331706 -4.414192120302345 9.392909355700413
-11.297098824940308 0.6782552454468266 8.199263083870916
-11.29651771640961 -2.52385078816932 0.9060469064038583
-5.586301129214758 -5.530908761880225 0.18580414795744912
-2.528167779043681 -6.405454187777209 14.730532934695853
4.821851475661414 4.731543023893691 14.514681588921539
-6.926860396282569 5.06746749481823 9.156853334660187
0.518248217248347 8.151195142394636 7.783559821814878
-3.0213951022350765 -7.642822474396523 7.4337237881668905
1.4397635308721322 -9.544374614293815 2.6175834854779954
6.669438690819283 -2.7833100923060616 0.19540190515476608
7.330088267734483 5.609774412786855 4.352555655446622
0.17873318000342575 -8.671674053150191 0.18715301150077274
-3.9214625033019535 -9.460267756112906 1.0131286058606
4.787140646772444 5.1043677629882085 12.494495112462916
6.929249685819896 1.047819371211322 14.041911031121312
-4.204959408327689 8.069479107698745 0.17257734400899855
3.7077367988845755 7.966653293189155 5.533821134305555
-5.147891323395869 7.248063042073562 5.259422722020957
-5.511467821724654 7.248797680803689 1.2060774418675548
-2.5501997050152636 5.9093134650942085 15.749977954463784
6.463234007793428 -3.6734560508629985 0.19404484249512477
-1.9801646242502338 6.875063567770001 11.816232917637757
-1.3692328663373772 -9.923591654141301 1.6790489510270818
2.205347307290529 -9.685590862341753 1.467166566647525
7.147859364475306 -3.1355940784628564 9.318292473737747
4.826350377335404 -7.793532617063234 4.118977199635267
-8.11343750748228 -5.500959512045265 5.893941122007012
1.1714336470604991 1.3892491143434216 0.19556179263742024
2.0515583972154485 1.3213341020155998 0.19550838757150701
2.832608784501317 8.68345511119723 4.403385922394892
-8.617296412453483 5.461525142041484 5.9277997093037
10.248008301022315 1.331715711275784 0.463519466004092
-2.0370140887570622 10.115375662591912 0.28164414971668555
4.124338985968825 -9.483003579815271 0.49913499963500146
3.3633417325169987 -3.181336765687311 0.1936095112646422
-5.36936982430607 -6.52556088393769 0.17494573201048644
-3.6362456952261812 -6.409738697547722 0.1888126835713763
4.326463713938879 -7.415819289046634 6.303135199703472
-9.09578153953307 -4.5867585926370165 12.513948991734525
-9.086709919128193 2.8145047589201195 0.18540597450759855
-1.2213227177523187 7.395831582239726 10.201561421196013
-10.684518120820785 -4.6056070971329035 12.086259182646543
-2.9066970253937696 9.761825898954516 1.218078270975389
-8.296985088123856 -6.639031547954886 0.9483572355157236
6.48730312296633 4.5636138387843665 8.644339794203788
-2.293469821667807 -0.02203145098396732 15.750005309518727
3.1030592515586557 6.258023306958258 14.558271310998474
5.900083505648823 -5.333159861039421 6.919337214263127
8.52811719779916 1.8158563860401291 5.671264738193122
-7.5927390823369105 -6.660742242484809 1.1649203453905033
-11.296007195621513 -4.108761421926895 7.383332958650518
2.0177275875753438 3.6968882197617057 0.1953903891421214
2.245690330262399 -7.046937798027509 11.16502472540956
-9.427273002358296 6.344065940704323 0.7034364933331203
5.873036064378093 5.294409118354338 6.1689299966374085
-5.285859216367219 -6.36431503987625 3.951606977224162
2.541755088047712 2.4248885394111754 0.19595041719277562
1.007830864292364 9.163240464139468 4.123084619386249
-1.5750933068337252 -8.341905011510164 6.788926875293422
-7.025979428734459 4.531716876931612 13.651003733504123
-11.297388556560346 2.270299803862123 7.1513807649653165
-1.0488520846617844 9.006593919959686 4.492839493897178
-10.97799780164845 6.147608017321874 0.29046154967243765
-5.874383420043905 -5.387791742464616 3.767922808962327
-7.310612346895764 -5.29704208581051 7.63634561462999
1.9605752725424839 1.6039277396943834 14.794570155558775
-7.898793421933433 -5.646989393445312 5.413900782321732
8.425442060093943 -3.908273886289837 0.20012557199100886
-7.135776402428117 4.891824149808121 10.368275867964444
-11.150863996129976 3.395991932027968 0.35041498978140545
-0.2052078791172897 -2.1779182106448274 0.19412697710815835
3.3699204094152515 -2.013413251562702 0.1940920673267809
-1.6681694229895694 -6.785839211702409 14.138764204767543
-1.1213646252973817 -5.397208937550346 0.19181464959873604
-1.7837295923570133 0.8572544401709181 0.19402751013941674
5.028940957518741 7.7410928385360345 4.012181545491993
8.621583053747708 -2.809176026906837 4.550271822528386
-5.141933008019636 0.7088343258868833 15.75006698752792
-11.296196165515852 -2.36980396678709 3.9446159593680377
-8.268665035869764 -5.299379170102847 6.693758929629458
-8.235370552384937 -1.4725546469499904 0.19078946086306833
0.7585351730522083 4.585446134833903 15.75003928332214
-7.919401531233639 -5.620046563512617 5.520938292960986
-11.296130728394651 -2.8480903089717096 4.6481705556354145
-7.361193340362039 5.651953190879213 1.4784259459261684
0.1742825527400271 -3.0812590360256826 15.747374057089033
-11.297517375924365 0.6800839635058009 2.365983317215158
-1.996834568017743 -6.410822186731938 15.746489404214573
8.691877515904142 -1.6914174039247605 5.2532620804265
-0.27833524889541095 1.3789460715997495 0.19490510328753682
-9.056224898233939 4.847059580245477 10.037461380358007
-6.588275985853312 2.2548797270010827 15.486070049473701
-5.482020335619325 8.470101369744484 1.3376972252055797
4.596594418647616 -8.169325356741746 3.509457527577321
2.1874900693218025 4.832536598162268 15.750072946505286
1.56194504258155 -7.599944175431697 10.022598568585718
-11.296305800157773 -2.5442929690863108 6.603556535576974
-10.640531478413742 -5.138098044665306 6.812824944387427
-9.90517309187671 -5.606632127433689 4.362551740521841
7.61220800786446 5.579621525309702 3.688045455910284
-2.154753921884535 9.893853154001194 1.0893464682970198
-8.206967370611245 4.837553373279759 10.445184352895732
-11.298074686373287 3.0648624476705764 4.652550935258332
7.097589872544089 -1.1752359457066806 11.839596178521958
-11.297658293724451 3.2766002802461913 8.047334695429441
0.06686326133464801 0.18815155305244474 14.749998999999999
-10.49323037675702 -6.1488081789612 1.639916825626039
-2.202875315076446 -9.859065644673985 1.1183216428229796
5.244146388981162 5.151936853293041 11.24605375956522
-6.731277019724738 -0.8241044324943838 0.19000385906448572
1.1711708248736514 -6.876810338858805 13.788383167649174
8.465706526484508 5.64810800335606 1.1812074650650104
-7.894017166555926 6.118552654307256 3.293233741548149
-0.16054990503830796 6.979258789654226 13.334728695995215
4.756837236372406 -5.203532975707102 12.422788072762895
7.878253278673822 -1.1483244735926303 8.763288785628028
3.749971625487524 -7.824316964739868 6.399407495788386
-2.127030352203924 -8.338935617338747 6.14182042152758
6.972996425129748 4.743054999097287 6.798237456791761
2.041345841150538 -6.24258731166893 15.457137768532265
-6.2029164313109035 -0.20575157375388037 0.19057327092485465
-11.296676131271088 -1.2147315008099637 8.902222080743527
-11.294524663753615 -2.296848029875383 14.17599727764448
-4.243381840304619 5.8204512621364906 12.383419590186257
9.541981181271892 -2.590635586161697 1.9275274688377717
-3.3443368117476857 1.4013938444400373 0.19250959191031541
-8.498589107123651 3.2493069091975566 14.800838968590874
-11.297170186309309 3.308396619280783 10.27859082872304
-3.6789173579529564 5.859275847800906 13.91388448618277
-0.8668948083224465 -9.511578919684343 0.22204525072058728
-0.8716381455098895 8.09779073272699 7.421698847395511
4.900112041388218 6.432840604279401 7.978365173087548
2.4891302258591947 7.716021180569667 0.1846536546403177
4.025599850330934 8.420724660799774 3.7578182749745164
3.651155055461309 7.00160336624876 0.18638770969927185
6.2100031339595265 -5.303078527344985 3.855118790346336
-5.767563813634931 8.56765886485261 0.6054231969778563
-7.3378975729250495 -7.003176003197932 1.166020354624617
3.035845095162879 9.214901535507607 2.585839989889907
1.3530233655547619 0.5127812997856251 0.19519428965833527
-3.7275422985655005 7.135616992522113 8.19699090644323
-9.958329813372073 -4.886610197772006 9.237853366023737
6.129337011247958 -2.9833293124103757 15.749938693571194
-11.298306875768054 2.070241576472153 0.7138199093370179
6.637859138937155 -7.808360308947629 0.5342954527772708
4.095338319306512 6.061913043030819 10.649961744129902
6.563380849809694 7.078856934615329 1.2466644382434062
-1.63507077373393 -5.450029579782191 15.746668604149772
-11.290542084668816 -0.511807891976248 15.185546655296747
-11.297389271149646 1.8990028944080168 9.36093358083174
-10.934721314851783 5.786340140817682 0.27561466206536517
2.7448360339909086 7.076270351876753 10.034892927246608
-11.2791229679787 3.405021016147321 13.201536999231934
3.550744341503901 8.390373378523837 4.619127220108664
4.892445613291357 -4.726676888955632 14.715031232802067
-11.29707108993859 0.5573741355210882 8.175612609607402
4.844299043095257 5.123811202322493 12.088444963019796
5.591537348413249 1.2555657857773566 0.19537930917033103
3.9897159802205167 -6.410458109490322 9.987255632234902
8.466084023693158 0.5016458127526477 0.20403276797804756
2.0713543319009835 -1.5364418265142874 15.453469266183761
-1.9797009487568324 6.826382396325556 12.079876069326339
-9.843817560433147 5.580250732773213 4.944721786597868
-8.500353954921739 -4.488228449448038 13.63847991684202
-0.9227801232586443 -6.8108658650070515 0.1896606457251386
5.0195875582749645 5.722882343807585 9.932854119458602
10.281633799854662 0.3015491835884969 1.0046669907260768
-3.584890656257253 -6.096018432297036 12.843020995946585
6.975937369574924 -2.8052666310425454 10.392047120071652
3.8164832685916728 0.1985933821356924 15.750020141741514
2.943109097787127 6.581722381676318 11.24818284735019
5.246681758943284 6.257181673895508 4.6768258301318335
-11.297215802341606 1.3782488461681563 7.551171797078332
-2.1171237149070485 3.2364503350963787 0.1924348204498426
0.027375154216517997 0.04274220692747511 14.749998999999999
-11.296532642584408 -2.1537495115621295 1.7206845825378707
-3.936133724522521 -4.465860628849529 0.19328109801331636
2.822279153387161 -3.036465110846278 0.19368496583104675
-11.296022267528837 -4.16385846093134 13.386591631582723
-11.285385200216862 4.350581687289351 11.416247165812978
-8.822856365203805 -6.476855496992844 0.6662936435701564
1.3635384984503816 6.653908340145446 14.503717564377705
-1.4753327570403878 8.015914787892026 7.289545466994513
8.585347767704311 -5.509572520823622 0.75160309833898
-3.907577474276275 6.077813423873182 12.020083571490527
-2.0400618689370824 -8.73880084449899 4.891578552846978
-10.216396758529891 1.203446064693091 0.20187017319901915
-9.675271198923072 5.410415901997225 6.026323787420769
-6.337464030321971 -6.940142123858826 0.07794408579389878
-11.295935298780375 -4.529576479259692 12.601319867403507
-5.974552528174625 -5.354749855539907 6.277448114951557
1.0986063242857171 9.570528947246878 2.8168593300537754
-7.712126984050338 -4.729065984228648 0.19499483399755324
6.486529491077329 -6.129291220803994 0.6673346774837492
-5.993606891690087 4.957405141050708 11.864987215415884
-5.1728057232649975 -6.804657769038451 5.6570666603015125
-1.9909570343644247 6.880935569676534 11.767484375006006
-8.503277730498722 -5.710944632795853 4.52448481663746
-7.699432495632156 5.015589243555076 9.049731762829632
4.948898924100336 8.450651240300349 2.163543171356925
5.803129566739189 5.254510593539901 8.634151478274878
2.746401323567302 -7.433029451608442 8.897913428478173
-10.273224393224911 -4.4293199181647225 14.003969945460163
5.332112747501486 -6.586295744707766 1.2056950557331259
2.6400960781540457 -4.968014023434561 0.192401204694498
-1.8254448742059664 -6.915768956952182 12.654336744443654
-11.297333630218322 1.4684897054527544 5.486144088241493
-2.4156203899086632 3.2321311785220455 15.749980080549303
5.948366569879318 -7.290827935430867 3.2329745035988533
4.332382122256349 -9.326534941334955 0.7320832745764921
-4.881133086581791 -5.838860113695158 10.32616621852112
5.960448219214441 -4.248604344055383 11.22019601521444
6.415037770761088 7.066874552483039 1.2460272250234077
8.587797702594106 -0.48779570619810686 0.20349398883335257
-2.0045050394207813 -4.371934397255645 0.1932719006931466
-3.58136156208087 -0.7521002329407368 0.1935324369805812
3.2176109862755835 2.228688741163963 0.1958498669705814
-5.633029018614757 8.701751024505917 0.45324851282851664
-7.170234075868796 5.994075160269237 1.2239562421611512
-1.6209204769312398 9.794739130335378 0.1564304839375558
-0.06929748863365376 -2.3590803607095507 15.275173524279465
-6.292477061588722 -5.336544106954098 5.762581570303112
3.3801376865901527 8.685739753221283 3.9993574434841674
6.915556242088069 -4.796246057425828 6.939218836554288
3.8665725370572708 3.2616379591909146 0.19625814302546815
-1.054453633396326 6.955723021978902 13.134753062586292
-8.779822833123674 -4.524937289642561 13.21121268663403
7.316787120690751 -5.539403451922558 3.2613906133087394
-11.297373730966603 1.3852565027845514 5.023737869040114
7.116809660714972 -0.33560453082411845 12.048464266831722
-6.26193733949146 4.753507762749447 12.598074643027568
7.115014523828575 0.16678154607914775 11.90128871414461
-5.88580635670301 7.927990269229008 0.09658838242136149
-0.6033543685732057 5.120096364764739 0.19255552845134694
1.1179805134558751 8.366015749973313 6.500026556613006
7.464252892495211 3.4099124816253816 7.745155078377489
3.2234431740787954 -5.988217996914561 14.739903154874373
-7.234914599419183 -5.941745344388904 1.198116671494178
-3.2533977799525724 -3.7437798690743436 0.1935674877360976
-4.146006698179345 6.756099214687083 0.18250088808735135
-11.296953258384193 0.08273989245459051 7.9220443040077875
6.876391657913522 7.449908073983146 0.8263589567630538
-4.5556314945318785 4.379790969733987 0.18989872796741264
-10.023748012166243 3.302697060355649 0.20155805654310943
-9.268306618933956 3.9790719017208307 0.183896894721281
-11.296528245436841 -1.907795041801466 11.2729373999802
7.885208196478264 3.978945161944049 5.4333761379323375
6.020733323329661 -3.5796051071695203 0.19336840266115285
-2.5452541659908663 -5.540109132648173 15.747763668072995
6.303591413762291 5.363881090304139 2.0568813035991984
-2.287817526235123 -6.566714352191896 14.1514879364676
-3.7805032154883755 4.281844285171889 15.749975461343983
6.823866658461124 1.2540725627937175 15.28542479817604
-4.806140564021638 -6.272395811130724 8.901940434448576
6.307687499634834 -5.287163330121579 4.8568187632622974
2.322348682186676 2.234355088417492 0.19587797810688284
6.996069219438375 0.735368106140212 13.128550415333045
5.163239704323812 6.002559309049857 8.806268500812614
-4.219603355700253 5.777337472854873 12.823787112106864
-3.783333651797897 4.100629275069253 0.19065544007451946
-2.4379667005903527 0.6855700282703384 15.543548382302275
-6.791116953982676 -1.610859697669914 0.1904939879276707
-1.4047017080081123 -8.102802012219021 7.801313364114702
-11.295966865509225 -4.317681921876265 8.765237496962342
-1.0023121972291054 0.28222922813555906 14.749998999999999
5.3536338034566615 6.2711746532195525 2.372996710479998
-11.2988406802934 4.478305647633809 3.2086929014445897
-5.3558896284111 -6.059295451721651 5.218591265917539
-11.29792378468788 1.2767176201034993 1.222800091021471
3.697260026079083 -3.8817680415535074 15.748957882800893
-11.296035970589658 -4.0004592728084525 8.002982677819563
-11.297735069242608 1.0367825289620929 1.8449375736216238
1.1189827263363639 -6.685841660693848 14.692674927618965
8.749150621098629 -0.435493383305946 5.550113958014837
-6.855991703756668 4.532180173792554 13.691009231478422
-11.296885573494638 0.02257430743711139 6.940773725209451
9.064548287626014 5.23248019099602 0.15564338309460232
8.91426221048479 -1.9987550165727181 4.357245941408826
-1.830805840523115 1.1156490841042639 14.904424579080025
-5.166887183207309 -5.632474121326961 10.39181693471926
-11.297461515124587 2.5324350675966967 7.282074605725218
9.369876156642269 -3.400869699940661 1.8944716768567682
4.708967785365955 8.115836519721457 0.17032546716498886
-3.620853690527507 -7.40566052979508 7.405422324518584
2.9264258322853696 6.344339761986957 13.159680678823799
5.295788676972589 -0.32183740064413646 0.19473582361619962
4.593792000448461 8.769885807804895 1.862111184906226
0.4498902199835647 -7.236015808741304 12.358862703896976
4.802927710157533 -6.553311542346266 7.757716666364687
4.6478030799244126 -6.151562305651064 9.282432815842757
-11.298002807665426 4.144600442233054 7.770747970995971
8.704302196656199 1.8914069909508175 0.20625412534452472
0.008011545048881744 -9.493707225254171 3.1081243552955735
-5.304612657913692 7.991069570609068 0.1682938868799407
5.487747434500296 -6.96624648400025 3.1055860263980697
6.702590679247339 -3.0965914923685576 11.142822649921282
-11.285024612560527 3.8180639938090026 11.968200540082666
-7.8158393792412015 -4.571309511439023 12.870752278939648
-10.88054039889191 -1.9949950436822212 14.986450504760137
-9.888888334532462 5.302049032163512 6.6507169141302915
-11.296187813840747 -3.4254814297800737 12.682748827828455
