600
4.170132028211701 -9.814110507397073 17.69289953626376
-0.3285095803935198 -0.5105602008588136 11.57000621930608
-4.068971448866813 -1.7496024441482214 1.005542507516605
3.0343391845370626 -7.6293450738050845 24.000748630367642
-0.43415764518921685 -10.144888522770966 11.750455888888062
5.842498528725251 1.1904549596372331 4.238686593284406
-4.154976721985686 -1.4013741752576307 12.219279414168065
2.599591127978207 -9.052288322189327 10.290386908058638
5.8148129623449405 -4.021984096048987 5.657244017249605
-4.797940985231004 0.8811973881107604 1.00753958730314
-4.253790905207231 -1.494232697861095 24.67089492981634
5.005746119592681 -7.332250834342494 11.937357932236663
-4.8291696338584265 -3.9023376929091413 1.0114808901700392
-4.046436503916195 -2.379337717138645 1.006513497282191
-5.8817845140301666 -0.04980354017979297 17.765924979945996
5.582358790675925 -7.236601476233888 17.189966179611318
-3.9548725118413723 1.0962009869220368 8.047772068183576
-0.5080523593748648 -8.670946939516083 7.828487837194167
5.2831405626630925 -7.088404392777151 13.600995445287662
1.8624816833243754 1.396674228173665 0.7536499777423897
-3.7180148829641086 -0.05004782067478231 16.46765211422483
5.015756907837896 2.085759749783728 5.560333076697765
-1.3050480530907986 -7.637072623534285 5.57375266336312
3.3913781908980956 -0.04997612154700218 18.255836850875646
-5.873111246553398 -5.100269153155891 20.79342869795478
-6.180796918362056 -1.678258534192168 1.0128453567614546
-5.708101981281173 2.0075407536635175 1.01119746694379
6.284685423732586 -2.3078640430999213 1.0635977404409345
-0.514826902549493 -10.983296633653527 14.697285561299909
-2.502042917897747 4.118715888772509 6.162022954487326
4.242117048499363 -1.0647315644900277 9.908671326478625
-6.273815195207861 2.74304067896613 1.224348449295725
6.694215112436089 -1.3176749178744631 19.33636355917555
-2.1403796381567886 -1.032970157887382 18.515036671852382
-2.699482545134033 -0.050641513638445414 22.254324561445777
6.505427399844675 -1.677530178649735 17.541055222335675
4.501627301585836 -9.202230023005534 16.52156792096162
-3.2977907655731644 0.06180552006321942 9.934379757973407
2.644063788490392 2.7397415265350573 1.00280380538333
2.488751715828376 -9.10646289704552 10.302448844910343
-4.814588118659067 -8.07456022363923 20.724284502140357
-5.086723249290297 -1.7026332877529284 1.0090536084686283
-3.174544377206871 -4.670163856051536 24.940377418850073
2.5774233759703113 -5.353313500466818 25.02341501448478
-4.871198009779695 -7.217570707050502 22.18974156806593
5.662062068594578 -0.05392156820770838 20.45703160026952
-2.738119628890205 -0.6487945411424578 12.662934078186606
5.200620416489448 -7.551717831891892 14.423081740659855
0.8198684289742165 -8.704251022793388 8.19155805169578
-6.188800740781204 -0.866032070912736 16.482399984757606
2.4483626868492148 -10.444385447732682 14.150565718001996
5.821241329699564 -1.727920325760653 15.530612787320042
-0.041178706657763256 5.193877395897981 5.726556033074483
-5.967987057892548 -4.387940125200005 15.67388631665505
4.435753532695823 -3.378197651544321 1.0074471257020057
-0.9886754560162201 -4.432683106778004 25.58703835811616
-5.924328702134438 3.1025365536036684 1.6503819878519395
5.576008030433255 -4.492403706908361 5.272292154880463
0.1524411905030906 -6.027534458730067 1.0084049645453843
1.2070694660388959 -9.076902001028964 23.316942853989712
4.248730125742659 2.0544333363366145 1.0054163390075868
2.2235980892373357 -0.5335549083494343 25.66155852209041
-1.7601268980208542 6.256634144760831 2.9430924288921427
-2.377695971408073 1.2371745991180536 8.748663863681271
0.1322911876348207 -8.64818628824929 7.85595318017904
0.7616223743256305 6.225209181166582 3.872846506227176
-1.4687735876687429 2.431719988325144 7.948702338233405
-2.4871477146332746 -0.9196014159992898 20.192313322730794
-1.5382094215656767 -2.5894986922927994 1.0021630255258793
5.547383466925788 -4.115024731598604 22.54803531678998
2.2348126337191916 -0.2516084838993637 18.54580944393666
5.581310804346933 -6.93851632473025 16.10804037767759
0.8459980909533603 6.308074396216648 3.637043835702519
0.8529800388783373 -5.939901272103784 25.2208020306285
-6.530520769888912 -3.2679470375796447 18.991073662858277
5.904116572179185 -2.697494276945422 22.18035181642915
2.19435579356647 -6.568528013158752 2.1651980832663944
-3.2301835084219133 -7.826663056508883 7.998995756376274
4.4800056299615285 -9.240427649856253 16.497587607606356
2.01673124307648 -8.692441020333614 23.554576829313373
-3.652242633783345 -0.05200917331525415 21.5406259579358
5.900208255713538 0.6873072864521718 4.522587679087623
-0.8109406388905185 -11.314316747020618 17.508808074396303
-2.82586105003121 -1.6291539178660905 25.39915050536997
2.476882855033798 -4.487036517573665 1.007058363014107
-2.2648810756235127 -10.892031203120945 19.090841921440997
-1.654535601159202 -7.278831377557046 24.703068948973304
-2.5751248365440826 -0.16741402626775354 18.632989543442463
5.771877205481514 3.185131686658807 1.4963698111325245
-5.325474104239703 -5.707553959659147 8.598724338446887
-1.8837372806285133 -0.05019096972579046 14.192947204127398
5.531650336431157 -5.895400334325737 11.852158476040417
-2.6143783047064253 -4.066957619320826 1.0068117060151962
-4.352832967814207 -9.438135555206886 16.927184324675913
1.782898398405729 -10.60398264841471 14.25644974547339
6.181780829745221 -2.9651906888253685 4.1665245936340956
-5.272473199946579 -7.278040438071812 13.49338235078271
0.032275112141154264 -0.05016078150843564 14.588056871652972
-0.2727331186962195 -6.779153825013724 1.5839400647720652
-4.989252775792941 -6.778385365870196 10.122058561330677
-5.50694885669046 -0.04985791378042569 17.383575234990303
-2.175913674997845 -0.050504059899524514 22.98545521349359
-6.336581075080698 2.0479066799862093 1.750232025841758
-2.9625259320942066 4.811820144528903 4.906618319225076
4.933692517715254 -4.621823917534849 1.1874647106089313
-4.437559178418861 -4.872371289673577 24.162315010242764
6.009700339733275 -0.49328605257189906 1.0097138665794418
5.487255221000738 -4.474180103072306 4.265664258827584
-1.5580764800546403 4.502224974627103 1.0046814093725975
-5.004180226125101 -5.761497789030944 22.791145139929352
4.192999740702576 -5.896615650226903 23.924059939836212
-5.427923011946226 -3.2755605097695253 11.430436294594156
5.609834091888333 -3.5590185311423848 8.83300098368096
0.26554463617404456 5.444493923723345 5.293170216932525
4.552802369720213 -0.9766937336362725 13.849837180984853
4.890470348272098 -1.768795797226158 10.311923861320713
5.8968876048852055 -5.511492962779363 17.12087407388707
-4.759169405019413 -8.528527487933788 19.766739508162733
4.889843798911358 4.242316036670924 2.357255349892487
0.7981056165655642 -8.932072400487948 23.509806441215268
-0.9601679147239176 -10.545317373529274 13.049336231275246
5.867070056374697 -5.718329558431956 17.194291752934657
2.2055597962572637 -8.568848250664079 8.57784341345372
-3.0115491547979607 -6.271625458528808 2.8054837099565697
6.549828049040883 -0.10259523068003414 1.0110543548652313
4.981927706074077 -5.171142046224295 23.188567322506966
-0.52884202667556 -10.5763214461529 21.93912186717503
-3.704205576581858 -0.05127876078255696 24.00989055094505
0.5711690900355406 0.8220308438116395 -1e-06
-0.8006407961374487 -0.48495958971245656 12.396317682779864
4.184734659180339 -7.575457734117983 9.179954937814816
-0.41240855491705036 -11.367459736204042 18.17424741800456
-5.52912198376509 -3.425329838863363 9.43000456720338
-3.0563102166643032 5.283981085517558 1.009403291519942
-2.7300951809110283 -9.409269423380522 11.500196178762732
-4.651991259841427 -0.04998769264443726 16.426302683937504
-0.5717825059980323 -8.991802989068253 8.675137783539471
-2.9972159415147335 4.677150396411672 5.077949097933658
-5.573476458691917 -6.905853303331703 18.022754947155796
-1.2116396878127564 -9.62261510690277 10.67500942472622
5.27565466622989 -5.3060243736138 7.812808322154597
0.4920301596244129 -4.930180610722471 1.0058196571246025
-1.9030334260417021 -9.477741304527905 10.75857174760468
-5.6622658661162095 -4.375283695715558 21.95518057164079
5.112675600111267 -7.7833432210360876 14.357145673299812
2.4015229602209094 -8.612061064480644 8.876623625238375
-3.158239589148425 -6.227939037531435 2.856600711593903
-2.3529606518905575 -6.954202783644842 4.889735282027717
4.009476073038288 -0.21597797698419685 24.65205570459008
4.656952911483336 -3.7645052239567307 1.0086195571100975
-5.376436050248948 -7.4946558223045825 17.344586487755574
-4.870000460448495 -8.353332529803875 15.352829929966283
-5.8309024199095525 -0.07019175030576051 16.118220546171003
6.547281624343894 -1.5745489729484288 20.439601444147296
-2.137526874576917 -8.983740881021586 23.0518493837275
-4.191351355397681 1.1103108769937988 1.0062277090998661
0.1370147293144645 -0.05014295586849517 22.7153350733007
-1.5141808997925468 -1.494847013263496 0.15411632349448917
3.2270680433119745 -0.31160707148806016 13.489600885928585
3.0402083251928698 -8.145601979798677 23.547909321492742
-2.3510549903975417 -9.188351527038188 22.784468604374073
-4.057953563210345 -3.358626037873947 1.0085940805269296
6.4202890339472285 -0.054271372521444886 20.19917863504537
-1.8092044418110669 -10.735330964510819 14.750414594570588
6.126961141108406 -3.070154013754865 3.9957116286301337
-6.635637371316803 -0.7772261255650509 18.550659801219336
-3.095813064839883 -7.243980165072649 6.356487313861001
-2.873776934196421 -10.51494561473105 15.6908349813297
-2.54571612235708 -3.077851641102039 1.0045811423902264
5.70129106732331 -4.434063715040269 12.4504567610154
1.5472644216182816 -3.910323729175613 1.004294876736371
3.219195547680638 -9.191717306249755 22.219322721159116
-4.239675485146391 3.9549747128649364 4.365100306519758
-1.09836206651776 -9.682579083872184 22.81223482736474
6.759741818864219 -0.8199562005062684 1.049355682426709
5.7419424052995796 -4.199168545261584 5.710285912351449
-2.5332714292386638 -10.772980090350098 19.274162189353937
-5.299793231777804 -7.135261473945109 13.157105928649903
-4.417162603808606 -5.456840048763835 24.00836593228799
-2.9401203244875456 -6.020741829641012 24.649544217900765
2.1348352646888995 -5.100999892384479 1.0080002686015563
-4.534658152937646 -8.027616617388894 11.81554689495901
4.153180601936944 -0.2797070929207722 13.920510644461014
-4.5317519032028315 -9.20980886908464 17.126927916943067
-5.777212888577958 -2.8645945080591284 22.309562753360463
4.802884892320956 -1.7670172689087709 13.411007051996151
1.7135310603655265 1.9276601644166824 8.304843437436308
3.339456839487911 1.8146861002759762 7.82845014431656
5.437383996844244 -4.356162560849894 2.967743012875175
1.3700346620268253 2.0631897226583673 1.0007403352616617
2.748861129290762 -10.683372091051444 19.671238377707947
-5.445185088703836 1.7747589430003239 1.0102374045944784
3.0885999673257873 -8.804503525307322 10.393706525140404
-3.861474011263831 -7.050785871356838 7.12240865576658
-6.627014624955177 -0.4164112908632456 17.908726001790246
4.024186958566108 -0.05009740209803578 16.65704962867234
-4.068226724453545 -9.296850307450995 13.509747182979615
-1.1686946674324232 6.399499866286229 3.3627269501264205
-5.423421332928328 -7.392265994023342 18.001914574556775
-5.147331790607968 -2.441056316941815 13.902886334760955
-0.9832600473546242 -0.05013247062054513 15.299064211891725
-4.658943974274321 -0.4173474021761085 8.79264271624063
6.583324177562479 -1.013883051573326 20.78690257019373
5.564536939529433 3.7667164166102554 1.1179892719656506
4.890411892960471 -8.50631013873411 16.79998159954207
5.781644733832865 -4.259084690253509 13.964846059699482
5.692586170803985 -6.2224941707145405 16.61217333873687
-0.2847546914476605 -11.21187985861642 19.243415336821826
-1.6946755671538118 -8.841342966333658 8.964372044806742
-6.660194832216579 -0.5352447868464701 18.855597621818998
-3.914587206411969 -1.021204997536378 11.257704835916657
3.8530461853828273 4.972235009476608 3.213230493310392
1.5885268413615186 -9.807796105111674 22.576765669434685
3.911268609547111 -8.133833531280457 10.08540173724837
-0.9955577155394566 -6.883026100142317 1.8586090616698563
3.6615917493133274 5.370807212928802 2.795495088655655
-3.591922453584842 5.21102039853842 3.2097024018201727
-6.598617941252153 -0.6479366176741528 21.094672621889842
-5.174835698244261 -1.5336649557762363 8.933689958785653
0.5465282412111413 3.5163269289731853 1.0019856370732518
3.7272436422066133 -6.837270158201999 6.629260634794992
-1.3759464637712282 -4.5297682719698145 25.51330268638766
4.795683571294664 -0.34096886758151895 8.641037270572214
5.739905287741465 -6.247103215153055 17.001183704180594
-1.542315600684112 -1.05 19.18190609233867
4.467277183192478 1.7819812168390692 6.887913886100891
5.081071767552177 3.73006957561615 2.9284389688454002
-1.2054476588943601 -9.165594984270818 9.433091513417358
-3.406105038825655 -0.05000765230082819 17.53328267554042
-5.473679274977426 -2.640183002381284 9.131772053075062
5.188422755988385 -7.774485197529955 19.52286256645042
0.847048466086904 0.46972938091215544 -1e-06
-6.1772911769608605 -2.511660503213916 1.0249872168511849
-3.397331144600605 -7.499333001643416 7.357445830732279
6.665271084960511 -0.05445216375857268 20.154920385455437
3.3069532838983333 -0.05030890305837604 14.551258540606701
3.5473312992199144 -0.050433014427113884 23.114671254410066
4.449443336395494 -4.159627948301212 24.131526076950234
-0.4420079357960927 -2.4476221256249167 -1e-06
-5.900832791499491 0.935699322049234 4.2934813256187265
5.117005610871355 -8.136487313296005 17.564313812151376
-0.6721148471072513 -10.008088666960763 11.447942017378537
-5.6611038732132855 -1.779285986293492 7.785368631611608
-5.196447823752711 -5.5894141396387615 7.204118656817878
3.978977201439932 -5.597245736553429 1.6556728640934
0.8171542924619725 -6.02992021095812 1.0088983626165176
-4.403220243794579 -9.575022352543288 18.929967527375172
5.9226551640661995 -2.6143087614284006 6.912724593950577
4.069173733703659 -0.050409710671642814 22.408036714248585
-3.407810643516948 -0.9148674973589028 25.16941097363486
-1.6787383852095994 -0.6127474102295936 -1e-06
3.5933841051218303 -9.926421930562238 14.832171601466616
1.0676573952702828 -2.4152260258451284 1.0003796540973042
5.834747287758542 2.4707936962041464 2.8808088927178193
0.7474450324239995 -0.050627269464150575 25.46194453277985
-2.6925777926471954 -5.762766022193718 1.0185961613059564
5.568058834162113 3.776186184582568 1.0787518883688858
-2.1387681410413304 -0.05023536157436896 21.682491483039538
4.021802282594224 -1.5244060991257846 24.73392105614383
-2.568158064216642 -10.597318993502157 20.438087517341863
-4.600409680181291 2.765873804645717 5.59317550810285
2.170203964724583 4.873452531474225 5.674586573169284
6.511334591405009 -0.8203752264305608 3.146429321942059
-5.341284477887885 -5.804546705423095 9.043888878028792
-3.651479266812781 -0.051631662775377576 22.714011361327394
-4.204219446254475 -1.2707595228292696 10.402137446387567
-4.84157399092549 1.5401668585274646 6.372336281401017
-3.1979988150179066 -9.45822439308061 12.235166322961035
0.6604932451218889 -0.05016981835167414 14.843403918338522
-4.868715865350999 -8.43944194846423 15.751577428949282
-5.638098114478608 -4.023125795151816 8.56892058186422
-4.535741646567475 -5.052670075011163 1.6174707851506382
-6.494849860638327 -1.8644583204074872 1.2741573104668513
-1.6246144740718955 -10.795962482325661 14.830777602701028
3.516336370218428 -9.51714212165982 12.860342294517588
6.581948796263896 -0.46100979007760934 17.564571226032548
5.6944595275914525 -4.891073371740245 12.756991007144233
-2.6452630968588173 3.6079415594437907 6.57549433881606
-6.056569401218119 -5.249803220971138 19.137120948220165
-1.0797297579842433 -0.05027647262612717 12.611051116840082
-3.1801759861286727 1.1491138903788567 8.558451195633305
0.21347184352348003 -8.968750268951915 23.509185627558693
2.403160237367678 -1.05 18.997570435226514
5.6774487255688655 -6.84837820505776 17.395699681397264
-6.578008066618235 -0.9866986640911415 20.9878303489435
-4.440363723116024 -1.4614774069030736 24.48337928385513
-4.952592170422857 -1.2543814187242406 1.0082890186647975
0.698322504088223 -0.49689216940556485 11.725062932892264
-4.4192752399438024 -2.179016022376635 24.436781900861877
2.667438694907001 -0.4071200268906373 11.559170763554278
-5.479782027223527 2.875363930085324 3.1637050438926937
1.3621127842508105 -3.3085433738032397 25.763787669166476
4.6395210847962085 -1.661409953466353 13.002436984904389
-0.3232291094552045 -4.622469818975528 1.0046138673154628
6.0959810656397755 -1.7135861823063467 5.8087782356806015
0.14025705566193225 -0.19409156198110586 10.718122693545041
6.507423571160823 -2.956743310702417 19.2246701946964
1.478396134495382 4.401347872061995 6.1931501054342615
-3.4410469479970924 3.599009168653786 5.956005774518908
-3.14845432193828 -0.05110716968657442 19.74341550529626
1.338166129953253 -3.55421744191034 25.756139188441296
-5.100519344543582 -2.864771032145135 12.045914917624394
5.482606152799006 -7.385239020024974 16.70518646684485
3.9992098700593344 -9.502125916672718 14.096009709074405
-0.4174259498733613 -1.4696284851835697 -1e-06
-5.210664855206845 -4.961114469935798 4.839075702262432
-6.271844906821668 -3.0735083303039272 20.67301649056287
-3.961997253460396 -1.4864451687181106 1.0049953839815344
-6.690797081439838 -0.1956874604384939 19.189986743577396
2.803156450323658 -0.4769451464519238 11.506462547433468
2.0897878826739444 -6.972508822505823 3.6533354177616975
2.0552078895514616 -9.447072035409304 10.828277717164744
2.189786193018491 -6.419679378826448 1.4337381137250522
1.4168518780427375 -9.968930224482428 11.657857847679546
0.12506609960787138 -0.050202462207508916 23.053043590382956
4.477244102774987 -4.683720943808116 23.944908521667593
-5.581498344125267 -5.1781829692503925 9.557963991704026
-3.7526140460545836 -0.050093652586054305 15.263333569073115
2.4641144530746146 -0.9674909259980982 25.621492757598404
5.108597444956002 -0.2242396794060908 7.87886079869071
-4.3913981439788525 -9.566299102123141 18.27838804830833
-5.46829409549071 -0.6785382158128641 7.284573515309297
3.2564811048743336 -9.064979860261275 11.31267394754699
-6.476349307156968 -2.4594284581522103 17.98297567378053
3.7704271855998748 3.6321724084460163 1.0062284762546456
-5.99551251479793 -1.6226166368783934 6.11117130067583
6.37099770541293 1.4116745126659438 2.357410044436356
1.54849564649468 1.511634081344174 0.8205029606905523
-5.698593418363463 -6.381787645819779 16.4952379221575
1.9016349358204039 0.3460018414652905 9.752685627563284
-0.5367236705858645 -10.985704642678213 14.733892422958327
2.727047774024573 -0.04998627323021865 17.945114987806974
-4.382085340727624 -9.340682935759958 16.516444531705087
5.346446880987623 -1.7857025815158016 1.008379419390532
1.5687398766876457 -10.603379590749753 21.108614483357005
-3.0622223514152234 -10.43199445414509 20.16717925818707
-4.469085718944597 -6.601805197475373 23.296307341659954
3.483175033678221 -6.642833582856462 24.142286819500338
-2.4034984566402073 -6.5489553024208575 24.68600581072578
5.933775359520565 -2.7066070653095204 15.44780263184758
-1.4387979154062358 -0.05025974820534468 12.765996557080655
5.256235034239875 -7.329406283701916 20.513705045633696
2.8215028125645776 -6.374275563088726 2.9997972607658725
-4.670396242906804 4.525885691546387 2.4555409547863483
-4.683798540487373 -9.046393756546953 18.713487811569983
5.0169254436657695 -4.592842210660268 23.314554958056824
5.586720876637596 -7.108079502139864 18.478917385597242
3.591727936238069 -8.08145577835665 23.34334441842344
0.8227118600141938 -1.05 18.36443516543603
6.698300393961406 -0.5843603132427292 1.672402854575342
-4.127575219032013 -9.433548413872092 14.556718395843205
-1.3590137340471713 0.6020311176922187 -1e-06
-2.8028047028942953 0.08337028724642974 10.087183244339018
-3.474221212631961 2.125949089504469 1.0058906016671239
-1.2327510549523142 -7.319428124104757 4.649737548905761
4.101380643521391 -8.470448715028741 11.217939314918176
6.418309008307727 -3.619520029418255 18.76436841744013
5.04831396095742 -2.603520031133245 12.198272281807315
-0.2758649707262303 -0.29062302510434584 10.860204033354599
0.3172704856346586 6.58598294784124 3.018372299459091
6.584306044847699 -2.0986253487395974 18.08765040667814
-5.46237292010521 -4.78645399106801 22.306857878575112
6.57244513947093 -0.663112677206525 2.7000374840131647
4.9297570347219715 -0.050146626265162406 16.226113984493505
-3.421107388391162 -0.05087768940777891 18.85676398863143
-3.547427017453206 -0.05158746151324894 22.464294737464595
-6.688315585353553 -0.7163384964056634 19.75452949027714
-0.5101359751215766 1.0439829563749112 9.369200480758343
4.378008402115956 0.40729657646458695 1.004866444441083
-5.385818426697499 -4.919529427308682 5.894681074724459
0.5683419802831272 -2.7779594103333647 25.953067635216875
4.426278026704011 -7.852868124355148 22.206095458972893
4.974168359898991 -0.30656683914195254 14.44106385697544
-0.8209360455349667 2.3084838263105203 0.6815284376057821
0.1258592527023342 -10.219248921375954 11.997849297588104
5.279833753054157 -7.4282249150177355 14.788422028633208
-4.926632214073985 -6.377255308229235 22.6316368933762
5.725161369671851 -2.891237665391926 8.091206072993378
0.9917390947482334 -0.6261969921766513 -1e-06
-0.047260523742833696 -0.6714276873514643 16.72590619193639
4.871685110001269 3.322899596933255 1.0082832288301058
-3.321690634970323 -5.885770149364931 1.4088184605809844
4.681914833904291 -8.898439567906186 19.098832719489668
1.3418309293519994 -0.4767644157311449 11.76892697458818
1.424493182669267 -1.05 19.814931744559715
4.555941769148625 -6.89240520859802 8.32858063364616
4.349700261569469 -8.990846946594798 20.437032828137262
-2.911774982556947 -10.690441546130387 18.748346105202046
4.695403973187625 -8.439048788801525 20.321774196306595
5.068441116773136 -2.350129659923781 23.694974561113803
-3.3425526467993176 -2.3181678062378492 1.0047914887985647
6.706725996502144 -0.8320246171035952 20.274365982170103
-5.314437437257076 -0.7586296451051571 1.0092191304291116
-4.331880732826096 -2.836703284861917 1.0081193112991214
-6.386094862821835 -4.30547626495093 18.57596446032046
-5.961477473549698 -2.9170122374542147 15.472512756551978
-0.6670642404708657 5.705131860735993 4.902467696973818
-2.4512779206555813 3.646820553695636 1.0055857647609772
3.235591155673536 -9.864064698410393 13.324324423853895
1.7637604769002355 -10.595561602985754 14.190508749637749
-0.3849041321901799 -11.075152631539531 15.303921116169668
0.8451761684081901 -0.05037531623228137 24.031937395964814
5.124496255553229 2.798025872648465 4.572653741914608
-6.105210706673324 -0.30984909773391356 21.95644232206449
5.07003452538091 -8.214051768049915 17.421071428294034
-5.561533928096824 -5.319238281577104 10.612948472886577
3.934004094812916 -1.4186076924059572 24.804842456031732
-5.274760860472563 -7.7286810062278475 16.084539414059087
3.72025895169011 -4.626354566483036 1.0092560751824091
6.454183089727083 -3.167647267973423 17.92918023937709
5.577109666495559 -4.553452313002579 5.6980397689691005
4.027895007690501 -6.4768147193152865 23.873885951537748
-1.1145231259932964 -5.866864562024726 1.0075816465857694
5.054999485878245 -6.575541770555748 22.00242794796502
3.577962069329099 -0.05035806574753421 14.048499773445656
3.5480425009911998 -9.979184661457678 14.976685310721594
-2.491878533736465 0.6475550591499944 9.413524718297687
4.148621835083898 3.5324249920146538 5.324614676660394
4.396385838992963 4.05053685739517 3.805633204677424
4.586489220135862 -0.050033096187391594 17.020485711096537
5.517029573182657 -5.2550594637708095 9.440014088257694
-5.667839765979989 -5.7449471601246564 14.440961671315073
-3.5277660822974433 -5.917914178425865 2.034191361665667
-4.592808441960776 -2.062183015030171 1.0075733566034168
-1.3327817838750637 -6.336152858439144 1.008670699338779
2.3281779628402317 -10.60866741967083 20.78539571330206
3.1887199464604064 -8.552150438867711 9.908121177285398
4.696645998070512 -7.200752207422662 22.430433669464243
-0.9033784596858293 -3.22515682950116 1.0026855955816527
2.4437132562713235 5.825045190027211 1.0068666948491363
6.238254183528769 -3.4107297998676165 20.34300058862499
5.458023547992345 -3.2562552948972217 9.899386986250544
5.641796191245079 2.3330153969537033 3.814884074950711
-0.7128027704236596 2.9071686400299614 1.0005322423371148
-2.0626823043324563 -0.5824972881305823 11.370796785267602
1.6137628486835698 -9.059228151088119 23.27720934404453
0.579078021634091 0.5806241028794784 9.84518976611474
1.6974796410476591 6.29168202566 2.692755385697813
-2.080887169953867 -10.197119431326202 21.80043817751486
-4.194837211172772 4.296660558993059 3.799987689091883
3.088512269272259 0.8127839673722169 1.0011615664519646
-5.490535001833797 -5.016413076467488 8.176021362580387
3.6805287600285674 -9.148051492696924 21.5960185557018
3.9012020127421527 -5.06417866317663 1.0144158052987178
2.1533663262744294 6.117616211316113 2.970308397759384
3.768596100892508 1.2200533670392315 8.07804608318843
5.643540409798654 -0.05152043808188464 22.339589099850176
-5.7078225718488635 0.17268405136386433 1.0099697015695268
-5.595693891104087 -4.545504093622277 9.72217959951707
-5.271644800382923 -7.225980174900204 20.367855966502454
1.9053559456385494 -1.1828872286509966 0.3782274120693387
-2.970328063618724 -0.05086403839255143 23.33231366236306
4.246158087993663 -8.551946056635384 11.93365995919321
1.0745749664311581 -0.8406290535918068 25.831148352612793
5.444162258407845 -2.4097343018185424 14.58876486873355
2.393512273494597 5.3871240231833175 1.006140652887073
1.6799543999273014 -3.9651065100128227 25.623022345420875
-3.863384988204435 -0.051432022334440476 24.125067742562877
-4.305258800046508 -8.596773286123675 21.4982788604588
1.7543052287350418 0.21301159263503838 10.126429984131855
4.930097947038817 -5.989966198787051 22.76355803905003
4.684119880766249 -7.568794451446796 21.894897151817688
-4.5395190033458075 -8.563998179957647 13.71515326457205
-4.038216809363666 -5.710534294158094 2.3627141909056757
1.258207483507728 -9.69379653900902 22.729739800887593
3.291417756877758 -0.05057746154713956 24.67679374631288
-5.618292863931834 -2.776629832354016 8.292210034605052
-4.269626155006731 -4.035630351617213 1.010493660011625
1.6225402594755336 5.271804466522631 5.412903683643045
0.7404272947164604 3.1767111324360817 7.371682747837827
5.616339133933426 -0.4663094055672945 6.493334571766897
5.1251849766005515 -8.006138492433479 18.891375079194862
-0.975863884906086 4.874482882570663 1.0041086203165401
-3.3358895613196324 -6.089528437887188 24.49709305894077
-0.4451351946765155 6.689683153698406 2.2253253715081343
5.845698223555229 -5.490268402107256 20.485853256642148
-0.6912225161472 4.823017325756723 6.1787917862570545
-3.4148940650510493 -0.24090021429610833 13.530526943356136
-3.8216809434997736 -0.05014039741557528 14.009169981714189
4.871299510401861 -0.48096671244499756 1.0065681149435988
-0.79866164986729 6.570438270762319 3.1421441594007895
-5.20717560820179 -7.648879319167663 19.526053576002838
1.0219623243142228 -0.0503061392310853 13.214843567552496
-5.330085869978676 -4.0850513804434625 1.2158504483086812
1.0183085926000086 -0.28906440889934587 10.834797087297916
-6.533997610123508 -0.13734941735373507 21.273761242932423
6.156860025498616 -3.8156901001215293 20.400147259314345
1.4683442899278931 4.3051357116095685 1.0035696884460334
2.339673224339236 -10.831814590089289 17.71171912840468
3.9979091170002645 4.923553601803497 1.008520390125064
4.732635041614156 -1.16269077964368 24.073248721572206
-0.061434984013871395 -10.102427927512414 11.670849175601674
4.392596625540814 -1.6568910302605842 12.281210336040333
-4.71189559475475 -7.178657337658515 22.537555892377746
-3.5300590433606063 1.9687083677562223 7.522349501304329
0.9291807416889925 1.9826565698976106 -1e-06
-3.9318416883532494 -0.7487650722706268 10.282753780192749
5.196780258117431 -0.8483263091492502 8.178353983402701
-5.396736026729169 -0.04988962269105012 17.038625184151563
4.8132310243914045 -5.339780074351503 3.9715137148585384
-4.683297523756556 -5.0600013708645815 3.189371491640315
2.3699997543042732 -0.050275127248099474 14.445270936271084
-6.782886974785902 0.22473719497714262 1.373469364012997
-4.4741235030911835 -1.6253619175963205 11.711542527779278
-1.125891329679617 -8.349629426762489 24.0137659525652
5.903264781772919 -4.585945680419315 15.842534747063693
-1.1780249601155472 5.765257672534135 1.0057487767016162
-2.028233398479147 1.0189380923907383 9.005589448351634
2.3724337163142293 4.198490642288435 1.0043887552545983
-4.734430548896995 -1.911160211037612 13.253263346289973
5.1786751320402775 -6.594665387201054 10.996197457149279
-3.5823661967754603 -0.05155196333133716 19.522183009115807
6.612017432394312 -1.2982324919793304 2.085362856186125
-3.6602702827780527 -2.516625306440854 24.90779168128
1.2020112846985442 1.697944550916027 -1e-06
5.653808822196793 -0.8589194370054266 6.763612125811166
-4.7786145501929145 -8.528494800097164 15.45526477169227
-5.585736928461217 -5.314447685999048 14.19157657164581
-6.410679333337532 -0.5661343979463683 17.00119172571876
6.2937578082225345 0.1486428512107979 3.7905503923548785
-4.388975187524537 -8.802056450763232 13.654021034025776
1.255626907344902 -11.01030742255161 15.824270681290606
-0.08277524775418578 2.3959952772107456 0.8122739512831052
0.5746485566796826 -1.05 19.51415538320338
4.781792570049038 -2.148660909195107 24.099323027198103
-4.978254800302755 -2.4395915886005066 13.04385695852619
5.54792692774559 -4.234446269325933 9.264774575697869
-5.2642434585094655 -3.0242291943090107 13.860267209574257
-2.105015554340333 0.266158668633431 1.0000653887642814
2.173927536346139 6.312932837289507 1.5298175596197467
-4.95335775877474 -1.1933474636853594 9.147729570627645
3.7614328915062503 -5.663409035174573 1.4033465617883565
5.098921977725129 1.7903313130800755 5.727483512946971
-0.7031698115868463 -2.798839212690132 25.92929314347434
0.9526687664517905 1.7489593148408504 0.9236181323010181
5.255790376622489 -7.6613344559607945 19.349051533381946
-5.825333668251126 -4.0374248816058635 7.075672247043106
-3.580166808272858 -10.29969146702325 17.73881621972843
1.9468120174801036 0.17885490309666208 10.052653951446647
-3.1225716061458604 2.792850216202136 1.0059602386033286
-3.8928538586301533 -0.40070896453809 24.976470723898498
-1.7849304928527945 -10.977765720883212 15.985228510621358
6.404280138519303 -0.9415971211250891 21.419857906128655
5.118635123408786 -6.389492422735824 10.052236244548629
-4.182544123988049 -0.05257132313346927 21.76367646731747
3.177531523445945 -1.0748345569492452 1.0028143478316316
-3.580734228956797 -7.615506803879931 23.580764759481067
-0.2734069922332504 3.675750414195375 7.120767335976821
-4.363990886053886 -1.5456138014527327 11.948882661817908
-4.782229631908803 -4.50913920723734 1.038091144478934
3.6237361030648896 -5.841728644880756 24.30781776604207
4.056960455352769 -7.682634241596234 23.471299951633824
-1.8550421609305399 6.380058233738353 2.0087498577928526
6.165279052696907 2.323215664218258 1.6441768170450806
-2.541767153946295 1.8396170494577968 1.0032605015109914
5.930426490037748 -0.8318037402624507 16.018400227286765
6.5830420583247395 1.0783042058853967 1.0106931845879792
-0.5401459880359724 -1.645683184633066 -1e-06
0.05853162257842409 -0.527528622122325 12.094631623131246
1.4058669912656485 -3.164480670753363 25.760956088735476
5.679256260258039 -3.7600239155618795 8.450355396460802
4.718330583011361 -0.05184488105657093 21.116767763397558
2.464835526352012 6.118265488081954 1.92770770609579
-5.509837748126021 -3.5996389135286377 10.240237756210883
-5.410427660673618 -2.0276583679604614 14.617574519767626
5.942776763756913 -4.226707855741812 15.623249345800804
0.17916346280549 -2.3325214659838425 0.9551085550074926
3.561248072223997 -1.4902580165339854 25.12492650959763
4.307568464604901 2.3011212908114436 6.520976824074085
0.011453325539997287 4.959282300390222 5.970797344898165
3.1508050970148074 3.3483879959648855 6.428673216596606
-2.5378692235856435 -10.87894094433784 16.89499614732481
3.290873254370445 0.9403483876613195 8.75499087593283
-2.29334150483083 5.259986580710417 1.007539617148321
2.2811999977632134 -0.23818663873102874 13.199777024778358
1.8079315381371597 2.0989199566106187 8.141679469915688
1.0332954821117832 -6.321550189250839 1.0098100115505844
-6.316413986928772 -1.7872072479945746 21.347073581749367
-4.812331935669441 -4.832212454731943 2.5873967359895502
5.186758399843307 -0.05312966271265096 20.76745797807216
-2.0337202214972954 -10.371482523499184 21.622661026908307
-1.017380130705141 5.282200015899116 5.4447855281220985
-1.8578330613783383 -11.039903376208503 18.61887406980963
3.0370573446197624 -1.6052041522563107 25.397339727597846
-3.996947599698296 -7.627582425735972 23.37042393248192
2.704124616985192 4.396990255410852 5.7332152986518565
-5.575325895734501 -4.07984971984538 9.67896428396725
-0.7548834156940283 -6.3745220711884025 1.0086360872958036
2.988653656420581 4.837721258162758 4.931051876374823
-4.209979358686045 1.824052082489052 7.0816001593448155
-2.248315288773833 -0.050037625995598495 17.703550870209288
-2.9681251529321395 -0.05002990249868534 17.502148110475726
-3.471382775155009 -0.05137396235323302 24.99626175513079
5.542517289737117 -4.364375263848356 9.310016733077191
-5.937405668991567 -0.07027995799419093 16.31532980612317
1.9341798496931726 -8.437788362072379 7.970311650068415
2.116625676359189 -8.494776613194594 8.294072488427256
-6.28003001119837 -3.152654122939691 17.06048116895861
-5.526473894259337 -6.070132290102545 21.506110674396297
4.811681952049518 -7.129310381637005 22.194592727286626
