600
-1.3608461666244798 -8.968651549090282 13.068868704082673
-2.4627280641927705 -0.16783836086646298 -0.01335315376473599
-3.281971658582804 -11.209523099926983 4.630775497653585
-5.837828850871872 -4.847683355377417 13.019587210233006
-0.9828915752797003 -10.982547026934839 7.937160316389982
2.7288676117441177 -1.505960842266985 18.449957017584744
4.044630350717796 -9.186614808862863 8.778714389267908
5.856186274240421 -5.317436481161469 4.064180466889958
-0.15214506139286013 -1.0500455601068013 -5.412041513205441
2.0948417230161254 -11.625781791610613 5.044509860307211
-2.025339395711457 -4.464822625421317 -6.137805356149324
-6.0924853947515425 -1.0498735890221418 0.7267155851738007
-4.557748216636419 -2.915445703527587 8.080502814776114
-0.5476068250372279 3.4475200961836516 13.02404929311845
-5.976500572191651 -1.794036526592693 3.271083025734446
-1.886858736630399 -7.564285833298825 17.453388099040314
2.7179464277582346 -1.0500020083566897 -0.3438790310868274
0.43720986829081465 -12.35923618885783 3.1244649837144194
2.79206839119422 -8.650442789733043 -4.668867087894843
-3.5832327452143877 -1.193082383658205 9.660511600773164
4.092366287745463 -1.0512360327595138 -2.984423545352135
-5.682989355989556 -7.084321520314097 3.9972524095782003
-2.0265727152176027 -5.945392649364216 -5.922643026325805
1.5751192462250911 3.2786466832079557 13.028406940917167
-2.2978965795488318 -8.230921168088182 14.537987894605306
-1.7335182377625573 -7.6544330287293985 -5.470315290456283
5.8704818180848735 0.16591511396391972 18.44190272889233
4.970318467288143 -7.505508230470345 10.686068142964627
5.85293919402753 -4.677047021182772 15.010760345040206
4.594059496535894 -0.30358996792907467 11.60790399604391
5.859817420397547 -2.8362296350657283 12.404496017651963
-1.4031296728696945 3.4858780060955974 13.159775626915614
-3.3841713323421674 -1.0499972208069628 -1.8684169879169308
5.079728323863346 -9.293503472602719 1.1971803746187335
-4.390880480053355 -4.136084407927501 18.44998961237109
-0.00892707824703548 5.606351419860427 17.436384922761203
-2.025379873783162 -12.15406780280189 -0.20989039847841112
-0.5931958249508436 -4.51439957158345 -6.134165026996423
0.8137186876044774 4.129235831203691 18.4499602686094
-2.4827820330385735 -1.050017332611847 -2.0192294473080956
-4.878164212740012 -3.745456529644043 -4.608903516073567
0.8624467978768138 3.8595909783884554 18.44996448725685
4.61474797793096 -0.28532585319051734 11.658054842701604
-1.4733384912170893 -1.0505963844512478 4.255244608063299
-5.40636532154667 -6.944226470849935 9.064174470916774
-0.7380678122587895 -11.388794412604396 6.877471941629684
2.388718336323603 -1.0500287480914765 -6.346248876493016
3.2608390801753204 -11.654300481674047 0.531703317084934
5.384057520479674 -5.690382890717765 13.51967556555021
5.371430968663687 -8.582335595651939 3.1185043679667874
5.515938140619925 -1.0528069378650193 0.45472784745021944
-5.731717975544494 -5.135515558480021 11.835736464781256
-3.8455449996995323 1.4409528776311262 12.615353631725387
-0.6561797514269229 -1.3308235399524724 17.500002000000002
-6.269437288583489 -0.4425634812029665 18.44342466424509
2.7944315505724693 4.4189462241730215 15.446614804300166
4.9230769801101975 -9.749351445988106 2.8399040120119157
0.06419511486953425 0.3008947365693088 10.40808394161543
-0.8727553873473934 -12.036663458524094 -1.499858719255266
6.127849793956033 -4.020558470931491 15.191693323609995
-4.243811049570167 -4.785671918268148 -5.149692274787719
-4.261784011439975 -1.0501175165784629 -4.680569705872087
1.6585407527066918 -1.150091653057612 8.912414807809087
-6.04043548699049 0.3144625404277303 15.648974688921816
-1.082493998532481 -2.9198765324378653 17.500002000000002
-5.657359440147746 -5.438960859764936 13.080942048816915
5.865199547874817 -4.699206183465875 14.36183884780094
5.712176710226126 -4.199421086268243 10.932271592824097
-4.943015149514319 -7.715842780003762 10.167397227126681
5.187041780166835 -9.195855099079095 2.729512402424274
4.008597700627098 -11.127136087753772 1.622098248181101
2.9995681767387827 -0.3970924394093488 10.285284378272161
-3.2990202363930505 -1.0500635338133233 -4.557993951613131
1.0663084872587922 -8.249691474281292 15.343010867384645
1.3082754631450915 -11.396282768191766 6.51970989016135
2.1922474351227734 -10.294986635415087 8.988721260677716
3.76040019529957 0.890439485878906 11.98221362534666
6.804110983362152 -0.22102460756117798 18.05638131502579
4.233053981254724 -3.2818333130517305 18.447742548485262
5.505948854228683 -5.635227730456173 7.214158999179385
-1.9353243002873528 -1.0775308856495727 9.117423981976307
-3.763629584588579 3.4344215172919994 14.798652092023728
-3.9359840869802167 -1.050050057302322 -3.0261496418612803
2.263368389935927 -0.4003245156582479 17.50320440103512
-5.683414036996347 -7.05781665832252 3.7773513119905693
3.9206321206906662 -6.967206483148082 16.41239647778291
-4.752378309128062 -7.500061987568853 -3.4354432239580257
-2.7534856224014916 -1.5981691582377695 6.667421406464384
-3.2414739772715264 -8.488565923588475 12.129058089737235
-3.7468416375721096 -6.892661812426713 17.70324313345966
5.293542187310411 -5.407948992271373 17.138889628358577
-2.61843347899964 -5.840259064910511 18.449384242610304
2.3406551798999145 5.23638042814949 18.201326368519073
4.133786659519532 -10.69755725939758 -0.7160267412161644
0.6554409901706495 -10.645549184569077 8.874038574643144
-3.33868602904153 2.264829867655108 13.018308698467425
-1.9514820839440314 -1.850229677972419 17.500002000000002
4.166391068600929 -1.261973225969 18.44885478250344
-1.194460565207502 -4.154268788715378 -6.491297396056135
6.399571508529982 0.9263814112536878 18.075288360004496
4.127756249372354 -10.856382205651977 2.801854182974614
-3.879049310651434 4.257867615565418 17.35053810045618
5.494814229363932 -7.5349273909765895 4.670372682704763
-4.237739056173321 0.41345204119125006 18.446291510712836
2.866265916636978 -1.050003635942604 -0.788813573815475
1.76574867850945 5.467865932781003 17.598012245831136
1.1603593707275452 0.0 0.4630100205665181
4.949789545725349 2.6119817568783383 15.89924499561914
-1.86534730387534 -4.771398720682672 18.449641016021154
-1.9201629896984829 -7.145694815322452 18.445959252521998
0.1702583677758953 -5.274685965955909 18.448248643438628
-2.7568437940925885 -1.6452486227774825 6.756969564852863
-2.6089834133343435 -11.972886533374846 2.492449776743981
-0.4910003365813119 5.4819787938432425 18.449937342171193
5.086118697589614 -1.3853253849550533 11.377013410135232
-1.9522579387525159 -1.578400109756182 7.322534029978198
-5.67413357398628 -3.4263442324727964 -3.3989038290125957
-4.051722733187471 0.9135640663308079 18.446223232749272
0.5079318762975028 -11.14098090181333 7.67715148653792
2.491709643658992 3.8362799931642413 13.942857082662814
4.930019481122218 -9.647382105454856 1.7677429686450485
-4.979679096640117 -8.185537571751333 8.582687251320554
-5.425041478072287 -4.955553476201918 -3.2471279234525094
-0.1229053398253732 -7.610935920345726 18.44425628084218
4.344754095690598 -1.051192675126532 1.4147369879387008
-2.69792809946041 -9.913328921077987 9.318594917520349
2.0316855512824734 2.2172140806650136 18.449492062057434
3.105549914889163 -11.24667826426225 4.867373033368159
3.5127026805644674 -3.3753495734664676 18.44775577955576
2.211438094309591 -1.290824641740267 6.603711538391786
-2.8466237100688336 -1.577997295172143 8.528728357497128
0.7672875495612279 -0.3395955822254172 9.836151974173434
5.953654937776641 -5.813330019472514 3.499657370085709
3.308631629383089 -11.347468436516674 3.6976553403862495
-4.128899417861582 -10.774302901514224 -1.1681655469819228
2.781757704283203 -11.77173525351501 2.0280451527287235
5.894129512267 -7.098129689177081 1.2103339123517145
-3.4990641147698973 -10.42652753611513 -2.5365950478117796
1.9639152651938412 -0.8762289317197071 1.407920192918474
-1.2243915493522268 0.0 1.4496905644255573
-2.164778460551103 3.623875672629609 13.519398474062244
2.892624103961785 3.319480714232243 13.692583326314612
5.436828377647123 -1.050999244737747 -0.7524662393174949
-4.6365421617144245 -8.413409560495852 8.410306886764236
6.465934266871957 0.38597607416726126 17.31346607692612
-1.8627462535223904 -11.959302715450953 3.9180907574950448
-3.6182632944983166 -4.880093668351723 18.449649479716015
-1.143883049523231 3.201181785204303 18.449364941492526
6.222594875510769 -3.7917241032277214 15.267735116830064
4.595838559003922 -6.290409546674091 16.762529717113832
-4.0886523163254 1.1039409372084517 12.522988382254475
2.1755687886295143 -0.2219895752995532 1.061512181037217
-6.0973035711319135 -4.088877757092938 13.563223210213671
0.33662053211010606 -0.6815869814662014 2.4668450932098116
6.1279423031577185 -2.0942113211263957 14.008934379274693
5.841485614225386 1.2582699582950527 16.14342674464832
1.6622556058333606 -12.197066989106666 1.9640333906700274
2.770787715452522 -11.835623830972667 0.11062650523716802
-3.755224681612632 -6.8496095615169645 17.941523585118986
-3.185723901998793 -11.681659943699486 2.108512529731161
3.7668551354756277 -1.0500251453132736 -5.243011729379397
-1.565516204302812 -1.5788610520983053 7.535723328863527
-6.0146132273558255 -4.5833000144878335 -2.2154804357956333
-0.9023250273355536 4.404427031493607 18.44995319322581
2.598190108085588 -10.438464438338958 8.163681728451909
-1.7049319962370488 -7.60368454513492 -5.49739764884148
-1.86732813622881 -0.9109322228294997 1.7417415402890042
-5.313543944778425 -6.987110202537891 10.053617911347947
4.946638418073778 -1.8756957202733904 10.62500219408119
0.9575321393125933 -8.113562212134436 16.182191904303856
-2.307787209604396 -4.707392535742505 18.449611365251275
-2.2184171888185356 -8.102660772457448 -5.1606920294819165
0.5693629282907462 1.9451617336805511 18.44999034868288
5.6879610744785785 -1.4702398052129368 12.761144673032165
2.4767790134681364 -7.374221300951933 -5.479802907368335
0.5272111913426407 1.2284842471241555 17.51229522457898
5.1549285895475165 -7.816317209463754 6.209145186118351
2.6770256203357023 -11.919373444830546 0.9901636138819586
-2.5558898497732816 0.967258514531582 11.256985955526613
-1.144395621333476 -12.277637453614167 -0.02022793812601197
-0.7066463512131912 4.094344214587508 13.74304117223668
5.636531504867255 -6.401105812095878 6.624334785006197
-3.31298449983166 -10.052793536291144 8.209619557040055
0.3421615495745829 -8.016976131142705 -5.59336813582793
-3.2842434293097855 -11.50796377317372 2.9813042243369905
0.16428202464594618 -12.050984746855328 -1.3520062862892483
-4.496597948189562 -8.409231801481678 9.50171323896216
-2.402242465276884 -10.256677035382083 -3.6236621342491713
6.574389133443664 -1.3267348178623337 16.40397834631136
-2.528154561422279 5.125384862243974 18.28657106179191
3.3321647916945474 -1.0504110671942768 2.4834735403009702
0.8531412968532284 -1.2610100050187505 8.29811523210666
-4.558635226092445 -8.935204422461194 -2.870186375366606
2.8595441080305486 -4.621714155174775 -5.7336042849947155
2.2301403438969865 -11.576766959964193 -1.6675085996649717
2.275809109982618 -1.7176169226858513 18.302935943812464
-0.5192787224918921 -10.461839585308958 9.417459158205586
-6.025456944866966 -4.30914668200807 15.272717012508094
0.2835784030288162 -6.169963098082405 -6.221840489498713
2.8958760055821884 -1.05013641889816 0.8347890729886539
4.500492185713425 -1.053279726328274 4.03806402425033
2.7613146046076222 0.6458350362710987 11.17995207501634
5.677610521209836 -4.919351875821089 10.990752599464546
4.143416798561997 -6.532968777025426 18.325890386315976
2.255703139189592 -7.767882200981048 16.186702556700023
-3.1123876568587545 -9.443036463286889 10.055783106446109
-3.369494259169028 -8.56930348497375 -4.4559552055510245
1.2528410865526223 -11.463403483014755 -2.3916969225559828
-5.529237502117627 -8.268780753746478 1.7533703876769582
6.6495554838189905 -1.818089033409944 17.31942580049108
-5.384389216955495 -8.288723538800385 4.038249969343926
2.355059442455399 -1.0570588057008734 4.843159849749046
-6.333926842198615 -4.6663560722798145 -0.7473670417267742
4.038966425466397 -10.4811119111127 5.458412376980276
4.445188716524825 -8.734198864464021 8.783030867116992
-4.861322976498003 -3.927767831973332 18.449860685230664
2.713275025893327 4.688077480865731 16.014440924088525
-0.002277570210716109 3.912044484970847 13.372386180246249
-4.153514795391818 -7.983191254844788 11.647789660688085
-1.8894493708112545 -9.642414329610554 10.620179423804526
-0.9974236929279447 -0.26722797294520606 -2.138827810816358
-1.4540327269947726 -2.607237484091099 -6.53818974079959
4.174197158371997 -8.67580618151199 9.371659230861063
-6.467295552088581 -1.3166987424965206 -2.2113882991561273
2.151431287117788 5.096624958306424 16.24713409787825
2.1865573434543215 -1.0500016807253074 -1.5844766939576003
5.264436980709668 2.8265469444207705 17.114735870448893
-0.9075108140832866 -3.1511107248765753 -6.5905120314698005
0.4495681129891665 -3.10157037032309 17.500002000000002
5.758792440463011 -7.141009940351087 2.624591883194315
1.646612850944975 -8.559331608317626 -5.146693184404921
5.440039868351693 -5.0386474863861705 7.536654234945188
1.2773424344466604 1.8140483819464197 18.449988397492145
-4.375025897265012 -9.434753160277301 -2.635857839228467
2.7557313487015955 0.24903741443970742 10.824842464069288
-2.890242694509081 -8.90838518001493 11.53740309144681
-4.343936563430181 -2.1485018395080333 18.449577038442357
-0.39256827858737164 0.0 0.8578669207992422
-0.058894886252131365 -12.416595825343661 0.27791982864502696
-0.6615180931169523 5.392393844318178 15.70774877171158
0.8518748366933578 -1.0537191085303836 4.297112124151021
5.462834804733414 0.996766252388979 14.872332750636158
-0.14018766706971877 -1.052898545096476 5.769169207178237
-4.005278094834794 -9.807709828177815 7.351566415587733
4.163700984798194 -4.654045313286561 -5.268247209382922
4.027306904988795 -10.871954443659657 4.111551836444208
4.927574718433686 -8.316203426975715 8.047735611142157
1.6137751505071032 1.9481686130110574 11.83411126762392
-5.360432542840388 0.22736155853549803 18.44450341020307
4.974260743262068 -1.6009532785713563 4.791388727647066
0.7358105393262793 -9.572294047347132 11.474359713014321
0.6812074777373577 -1.672977488996858 -6.597094029605702
4.321973587686301 -1.0505101955091773 -2.247697512781565
3.8754749269167874 -1.2537256557229006 -5.573475712526784
-0.43315954007263346 -0.028510369478832766 17.500002000000002
1.9719963130299334 -1.0500136500509794 -4.02015501148052
-6.607072469549519 -2.765056265646907 1.272966792185309
-5.977055327963729 -1.6392203786704813 -3.0320688087953998
2.911825709167992 4.891413713757939 17.177938816970684
-2.079455318749907 -4.863022754947204 18.44960519298091
-0.1900172719741539 -0.5905636937358485 2.547951102843431
-4.639425617718096 -7.572407203752156 11.426551814342787
-6.141692842268586 -1.9312830968732597 14.157481451195647
-6.4761839888603765 -3.5940530667791584 1.62663919539714
3.9440705140696184 -8.116574183421879 -4.379496386431411
-6.623668022974841 -3.619890956191311 -0.02383716232819725
5.509243543273171 -8.38344364556244 1.2307695837793498
-4.121972800107519 4.388817600110441 18.442609329025885
-4.300688360044628 -10.68699557062086 2.3799739588541455
3.2011703079261435 -7.00276992444504 -5.29395473247072
4.909646511394062 -9.501615678407154 -0.40911889268343027
-6.725901930096345 -0.18195907792989408 17.779280250265437
-4.2259018223706715 -9.801178944065787 6.689514399503417
1.6895355462068593 3.102643018780749 12.912166056707374
5.7733417154024735 -0.16922459127508854 14.37500588450945
0.8662606246914695 -1.050005177665516 -2.9517843312310332
-4.376553794175425 -6.598697918303544 15.486879355380035
-0.3306900662807563 0.695150055452095 10.71046062999261
-5.007185448642303 -5.869631119603581 -3.6543342444748603
4.736425994898192 -8.419666304344556 8.845610074837303
-3.6704055467521584 0.8699779898013204 11.87879840030738
-1.6628694319876693 -9.592821290761199 10.918268290422256
-5.554294880901446 -5.505654114147199 8.695274129941719
6.2183376026065895 -3.726114483493232 14.754680089620317
6.013826902382541 -1.2720183223604056 -3.2680345616792215
-0.47337890921458314 -2.180612585310109 17.500002000000002
6.350966087882447 -5.00268055567484 0.4541536917518403
5.759860061139455 2.4502549082040623 17.815075288797882
-0.805408489599346 -12.026215642689058 -1.5505236146392398
2.555662740265486 -8.039553818142148 14.732284262754906
4.598729595308863 -6.310076166173054 16.634889785822214
-4.280110151233827 -8.690510253950732 9.270031108323602
-2.7721916524159194 3.4292707972609677 13.774293435569106
-5.4074241019803395 -7.989307806999999 -1.249344792016382
2.230872641631375 -3.3501489065826804 -6.285867946380609
0.6250254482453945 4.22344991517656 18.449958509243093
-2.4870185908075206 -1.0502573042814574 4.005182615077068
6.094540912996874 -3.857630790152829 18.02220273640002
-6.637917505985519 -1.6975110923594814 16.76095642720011
4.285918560112174 -8.790735866243532 -3.4389728494562233
-0.14894274715423744 -1.0500654813222443 -6.598768211779066
3.4188332884171104 -7.6401360225165496 14.310420037185429
5.920793835266232 -4.541466673450188 14.781162477790932
5.760829185523665 0.5960687930860952 18.443730533210193
6.102740634636594 -1.6738440977605213 14.18926615663611
-2.683188829539328 4.573196938735776 18.44813557309858
5.751774229932762 -3.6556444801595616 4.392077310285778
5.6749507433345725 -7.773928731546989 2.1078278437847917
3.0360857004764 -11.173692216820319 5.301087454916262
-1.6898385720014009 0.014739634595364697 17.500002000000002
-4.616005989193808 -4.998807799602221 -4.7915014194047885
-5.459202555550027 -7.558898181885071 5.137362549816249
3.1588399043153053 -8.871204475355036 11.239948513035236
-2.0362028376915773 0.3110727620479617 18.08714869268391
5.900695721034835 -3.1220354465766573 12.379574643894244
1.9684188548747434 -8.448000518530584 14.043612044468407
1.0584328188341352 -3.1533941800761625 18.0620252434079
4.766577981708691 -1.0509640617461937 2.371758783412879
5.627810929996131 -4.65993449112027 4.952869928218033
-0.6509103414075494 -2.640641994338596 -6.650749500907699
4.328553462851445 3.900894401402144 17.30610257174092
5.189974622105127 -7.896762876620089 7.392497200548433
-4.172236753049828 -10.569322201827207 4.442389348403154
1.8300970663682117 -1.313896434949935 -6.465742350845455
-5.070222460230667 -1.0503153630812496 2.4248697573225955
-1.0418941997596742 -8.165550603419211 16.08295994504527
-4.894072667912307 -9.674108906889096 1.9824810484491147
-1.9369293995014192 0.0 1.25086994450373
-1.991927055488138 -7.802671954115908 16.154341385322777
-5.676039446230766 -5.314848921029789 11.924713959182478
-2.582795505341182 -1.0500021325966227 -1.7536588694999078
0.25391830594492204 -1.4863223378774786 17.500002000000002
6.280794240206202 -4.31443031593327 2.2214027577292255
-6.218814938011461 0.9345871779475687 18.442532562174556
3.762085763785508 -6.448159594438757 -5.215060021741835
5.56643439012652 -7.473037805788313 4.011992904596766
4.669788808308527 -7.006096508550119 12.93709290546445
3.9571617985563243 -11.062479032458766 3.0796740680622112
-5.281201622558652 -2.5830193421129013 18.449438369847545
-2.7088586898788805 -9.783368147248062 9.628030833242411
-5.995346862742458 1.0482263329588923 16.38578262944577
-1.2647355647170726 -1.050034409061089 -4.744341002995238
-6.2772884987858655 -1.5167124314355753 15.003169961410896
1.1497614589293885 -10.81568999481319 -3.3463332593390085
5.647864823877362 -5.130633879637788 14.211779623846082
-1.6794508152043006 -1.0517801456978124 5.7979479192649865
1.351264088509244 5.137353055618548 15.521578751103604
2.9478218635249744 -7.757817016480506 14.96861830867525
5.702874451121677 -7.010905112209261 4.41349908563348
1.6324740773192699 -9.928871542520179 10.445058879172562
-4.263827834066525 -1.0501576281515905 1.4488960781464135
-2.9532056696263203 -1.9316358969202567 7.35321340246954
5.009703355843524 -3.2586188166191645 9.05854352835463
3.847082269771324 -9.581805448905216 -3.320184625894592
6.43711315739398 -1.9462830549360315 18.44800583634464
-5.333746804167981 -2.044698582280935 -3.9951846332322334
-5.600562599169464 -1.0502129447106434 2.223843935435542
5.545926381630979 -5.968372599611782 9.918311613248676
0.7947470949835673 0.6370446671120454 17.500002000000002
-5.329118054154884 -8.21184566205061 5.02129278123461
-6.67225035991995 -1.6392300618529927 -0.40126794773684227
-5.424935543001531 -5.320393040338647 7.073984715331102
-5.689131769465081 -5.261114372553008 11.791860301478538
-1.140032604692261 5.654420603847458 18.111615595857717
-1.0018274755699064 -5.22179000524626 -6.331513944572416
1.141520316654036 -7.753043682829257 17.93576246501484
6.2269740915104475 -3.810371680758257 14.892063654445922
-5.4061752513741475 -4.12344229122108 9.668538468189805
-5.793895955035288 -4.458113815254048 18.449846942156746
0.2275870492962566 -0.8071481273911503 17.500002000000002
-1.2565284770754173 -5.717263688184681 -6.195003921909921
5.564990132938349 -6.1765682595265385 8.933684823632646
-4.540142727882845 -9.183208004683213 -2.5379578828711233
0.9769829377854872 -1.0550021206984495 5.6784597066436655
-2.7915032967919315 -1.0500332620241435 -4.943890548117704
4.717106370322151 -9.331405820001612 6.1011109831120365
4.220442685136401 -1.0502817650478955 -4.820975950831874
-6.011162456399574 -4.341531954860299 15.311799059604835
6.232657299200714 -3.350839779048262 14.620779638467374
5.475166206193604 -6.112829018184308 -2.890746490626045
-6.5300127105166865 -4.2311313745278785 0.22903518064006967
-5.953759602427526 -4.432481925372285 15.965094403762858
2.4354881419729266 -6.298996849645292 18.448015985794186
-4.885320116324355 2.122220680490821 15.090675307874976
2.3149179363583743 -11.896016696779451 3.355187928989557
6.484499872983161 -4.1258761472045355 -0.5827021653591532
-4.256684016883791 -4.701626746343023 -5.119471524758012
-5.449449912416078 -6.059631293499643 12.359835709613447
3.141688084613266 -7.100011607501792 17.78687912454585
3.0083334414302367 -4.726961101528234 -5.880622577546079
-5.973826908846607 -4.45479286687126 13.51075470635322
-1.8457623526372855 -6.307638904490802 18.447398353918757
-4.5798479327161346 -1.050407765357856 3.2096524993644326
-3.5938200499813453 -1.049993233999482 -1.8465968188500956
-2.5383274242508502 4.786372023405431 16.088135563415253
0.5399958109571305 -12.440460610125724 2.4325902633536503
5.633523142999184 -7.062597229333724 4.922719800398583
5.446538384828607 -2.161600345165214 -3.9792525552457625
3.826052553275964 -6.96937112071695 16.700242504207907
3.9023649460489835 4.33338395141354 17.527861331478306
-2.6151641698654013 0.3221051665816007 18.448989866098138
-1.8770030217843716 5.404654206937088 17.325304227195875
0.7756289555799992 -5.568248280442782 -6.27751789207395
-6.3030864314861015 -4.774049836653047 -0.7868036516654742
6.363852079620336 -1.724673327080009 15.229174185527345
-3.8897711229089307 -1.0503121778713325 2.9472880613657275
-2.2114321193854845 -4.674396232221915 -6.164260753423301
-6.30640607430693 -3.162200968598483 14.695525921248823
-4.029293371154086 -2.689836637371607 -5.448274351988872
-5.252894963614758 -1.050490453510953 3.239760427975586
5.214994430668331 -1.7125573190985608 -4.261569921294098
4.121264617829637 -1.0505211710107734 1.971466336151315
-1.6268804995388928 -9.274514719606762 12.010500266815422
-3.287176248943349 -1.050058272642259 -5.697553599185393
3.910406150595369 1.5235081947292592 12.780707705922916
5.275534862106064 -6.677625476655452 11.240777203402153
5.334469296708024 -4.045655193304756 9.017827743243403
-5.119335885129639 -7.924773683524829 6.694530221432044
1.0807636208855331 -7.6793605959396505 18.3984406560851
2.5011468927336136 0.6019718048088379 18.449990570166644
4.417389159301823 -10.409949500272566 -0.179556966228437
-4.933745802773354 0.051182808185369716 18.445358454470558
-3.711745955733528 -3.4845550190070282 18.44993295335164
3.0549572742081215 -10.055053179729539 8.5146028775064
5.473716188058556 -8.54915583639069 2.0841346712200655
-0.5280899108857383 -1.374134492287555 17.500002000000002
-2.9809207691878936 -1.050042638572354 -5.276839003327181
-5.536186368030976 -7.00569659825945 3.122585565554999
-0.1764858302117975 1.0565699122356558 11.000713488143168
-4.668602667202308 -9.626292158354342 5.139707020100725
5.098236670514885 -8.40522757174978 6.962752084108614
-1.7408685889114046 -1.600894938323392 -6.474552528368624
5.725133528377688 -6.693710464392905 -1.5466541414729889
-1.40968327634239 -6.981135012969351 -5.812831373275874
5.773024398705681 -4.823118166618996 15.133250633037635
6.629180731935838 -2.5554461491130125 1.0815699484160861
-5.537030578154252 -6.693718517421503 8.587232950227932
-0.6295481253211409 -12.343362294802995 0.12015388853350084
3.66162639507168 -10.663048044837584 -2.119632008165702
-1.1684083449393514 -11.24936610189323 -2.734165725526596
3.8851489783887394 -1.9788262526736835 8.83106441302455
-3.6062039990254577 -6.518844289394776 18.449186105127275
1.2998355105597768 -12.193266274288362 3.514119440091881
-4.940990845149032 -6.590283761253475 13.314119052999201
-6.753314903057281 -1.705014483629863 17.955332699389047
-2.8044582155699516 -5.5337619814430985 -5.795168111609169
4.940669395113479 -3.379851342891458 7.483112366672246
-3.330634423869007 -11.279203151990613 4.210782183126384
5.529936683265971 -7.067318898794289 3.3790477076255874
-5.8757082064170785 -4.512483587540784 11.504299003600284
2.1975492898498445 5.252854386768144 16.973887252646787
4.6729319766005615 -0.7433349813798549 11.302105506310022
3.267701422689341 -10.410071605074995 -2.8507744167613356
2.2547378752514873 -1.0500254626791508 -5.856163593343245
4.358757180704104 -10.118540199748876 -1.6301902348014798
2.436844091519642 -1.707478605703404 8.136217256296321
0.31494635780260694 -7.946593044008139 17.067542602194425
5.84769656821109 -4.278091334451014 4.03875615069318
6.08271439046045 -6.290716129673549 1.5410983688707307
-0.2833452698342148 -1.0531670005646323 6.201668788873531
-2.6834615993917366 -6.322480389478313 18.4485921404898
1.4573978002507255 -7.96122519932828 16.50722285171432
-4.853560451299925 -1.269798976042031 18.44845042213278
-5.043233079177988 -5.735919217305123 16.463472554953118
4.749161366363229 2.2070932755674963 14.75172239156916
5.354440781096198 -8.818834328063025 2.2427983672822625
-3.895627556476526 -6.75159090146832 17.638177971974255
-6.067941119911984 -2.131508831236378 13.712467336153539
0.6151198012866288 -0.9780479282546918 8.960515449044145
2.137474711106906 -8.448993329522235 13.903361399787153
-5.919921391897074 -3.987934625485248 3.737268518718004
-5.763526906852009 -5.036396102213938 11.64153594724219
6.03557486103624 -1.4120070335047943 14.089842943666397
3.445124713280218 -1.0507894539327596 0.5691999071836503
2.9492011860510083 -9.288622647234893 10.533243919623326
5.501786613009964 -7.640864474262801 4.349081452431766
4.2543527259247185 -1.4342052540116794 9.979993079573605
-3.9567296298983026 -3.5992572352185657 18.449922873900206
1.3799187197584921 -8.536440002726179 14.269499999805536
5.951682302223606 -2.5230202422568246 12.994056785515271
-2.566277910907615 -11.826807484501387 -0.3607920214029491
1.0934083012750813 4.807782761049988 18.449950321381607
6.548025457858496 -1.4665729853558647 16.258436296472848
-6.114626417021847 -5.888234598070887 1.9183961898669042
-2.5187215972060106 -1.0500458218342836 -6.034682998090739
4.846260576698472 -6.366096164962751 -3.95936857119267
-3.56344633494481 -7.186555130546285 15.84045672601162
-6.320332985929479 -1.0499603496543044 1.4865703510394956
0.4839668962716967 -1.326896057851017 7.009630077515236
2.4398412687100217 -6.0103044147167495 -5.826013051129973
4.46738864556022 -2.0392048010679082 -5.109727429405902
4.636213049790835 -6.281899121768943 16.54857168322105
-4.722080342344366 -9.845979205575235 -0.15343863451076062
3.785199215796309 2.6918227154362873 18.447752741449612
-4.48098852705649 -1.0500837863730375 -3.815477254211145
-1.9065662883761874 -4.0964527648072355 -6.368683351826792
1.2715858842656413 -10.562194988229521 -3.659415695431903
-1.277130700520671 -3.0406005725534575 17.500002000000002
5.191959590761453 -1.2028871752829888 18.446340803457314
4.530341704702867 -8.005650769350135 -3.647131515731443
3.645399859253187 -5.89977405078844 -5.373242705010696
3.6191480399988594 3.5363264166801427 18.44657855168096
2.5570324508355666 -0.9694784651313928 9.406440418555928
-6.412482640517149 -4.948335870054142 0.3712835048958033
-0.4165258076388967 -9.137346055254522 12.91889334359907
4.999697961761507 -2.6848871095859526 5.31635505254043
5.641332597474304 -4.985829241439887 4.916782195031712
5.241306549967389 0.8359899299056667 14.155550973958697
0.06607725590785456 -8.970064397325391 13.496197951487387
5.550860337824245 -6.0282062970034955 9.64866871574076
-6.185083782426848 -3.7467793374887224 17.38427547536756
3.375749198363625 -4.267359482096665 -5.781412326837847
-6.650634040073291 -0.9646540227305761 18.44458366296266
-4.4702115301597 -6.530904450807068 15.323547189492151
6.314127514791597 -3.4577994459783525 16.666044369144146
-4.460022860175217 -6.539093862153175 15.328674855408225
-0.07064402165858387 -6.626082717397469 -6.171084170497562
-1.800076462354555 -10.661897027869383 -3.375493485063047
-6.570160531941991 -1.954785612423979 16.300128956151603
-5.8617052472834725 0.7447362391193378 18.44327831240112
-5.086221244837844 -2.1626102008071517 18.449434415790495
-5.836830212316502 -6.323378332597842 4.031130942358487
4.286434024782245 -1.0503024445852245 -4.877088158084661
3.196186385811734 3.1876140932967547 13.86338863357786
-6.183896787696893 -5.37180418887514 -0.7786230358962946
0.9153242704315799 0.0 -1.95880282297273
5.382541342119462 2.4405840083776877 18.4497075070113
-1.9526324210471728 0.0 0.33487598335660007
5.008289563052205 -1.1194152292070123 -4.5204615231742045
0.1152115482816074 -10.721561152134992 8.759395732342428
2.116424135978978 4.092418033756721 14.086083578760578
4.187199401840207 -10.105714507647079 -2.3762240035740665
0.07342389642162606 1.50897807948802 18.44999837022825
6.391131350650177 -3.2974010549366257 16.42746614438692
-1.2444984847538283 -9.267075256347233 12.185688653635687
-5.091513423774993 -8.054941293813746 7.770770581529773
-4.837981599050816 -9.825479958579269 2.384212883939045
1.5445903494782234 -1.8814098075615318 -6.504939855950188
-5.362878486700548 -7.289896275726335 4.2149018949365775
0.7795731617262188 -1.0546703753969373 5.782239844695678
-3.8229042654767253 -11.223234010872654 2.210880756862231
3.869759592179746 -2.3112478279905497 7.723663828811768
-3.627525201704519 -4.455821577085687 -5.676895202393342
-3.5385412237709635 4.649162532165666 18.000759096555107
1.3279477420589596 -7.847139629008386 17.44867408016823
-0.395383905777405 0.7313340689273352 17.500002000000002
-0.9467153988732501 -5.082434131359631 18.448350203656634
-3.649957853362267 -3.1018454179440713 -5.699243206534427
-2.6450341932676924 -8.620298686548985 12.661213956226664
-5.482767422178196 2.283866206580124 16.83889268115648
3.632936483740522 -11.192432978763133 -0.4638685336777899
4.495800690073146 -1.3016636855371868 10.480538774834818
0.12800036511944665 -1.05004163637325 -5.401324724260393
-2.9020493148994766 -11.851671278673416 2.0245027961093305
-2.6222719093827904 -10.173746994672703 8.729704267633249
4.891384332453834 3.135092902243023 16.882730086042297
2.583602007839183 -5.289501862562074 -5.94669896690015
-5.380716800667199 -0.6445206502603678 12.869489355387373
4.164289148195532 -6.687996710519188 17.102602378067726
1.4257327359262655 -0.5591795609506551 17.500002000000002
-0.5946404688428095 -4.319163078791491 18.44924641466583
4.217954645417777 -5.682709172892742 18.446746944961294
-0.3549946807921974 -7.338156077275891 -5.90868806902604
3.0876611809752443 -7.064801788124991 18.09274920930791
-6.103793019315598 -3.202833007730673 3.1747750615898664
-4.498202599718697 -10.448307370029568 2.0796428045234525
4.532747177322073 -1.1131176488082701 4.9020428556296975
-4.734124485631635 -5.0897571337517835 -4.523232821698844
5.577434041801569 -3.146486568623902 4.461208140409735
-5.662996008638006 -6.769479676117489 6.5992128147152425
4.831993696908659 -9.449455031486794 4.921523085460841
-2.9319330731985547 -3.167967583928689 -6.024149486173968
3.855394742031242 -4.7896405820839885 -5.494652601357125
0.5312013406383832 -2.504540254780472 -6.624999651120738
6.615645014669172 0.3435729213903893 18.057144254439844
5.892535766506755 -4.713508608546634 13.411293358995454
-0.7568357224553186 0.0 0.44434942522389614
4.692401081630985 0.013015470072333737 12.070495569133023
0.170808449822972 -9.154576957410123 13.009367542155681
0.32557407519051873 -10.416099533784912 -4.07748354490692
-3.925626700257031 -0.5340369565916877 10.745388482076383
-1.5903934030275801 -6.377251573513597 18.446897531143684
6.253079812016288 -4.197422230610546 2.661709013997824
2.852078218792706 -0.1315922561443479 10.505455478820272
-5.078819075924516 3.0985341771199564 17.445655194884843
-1.9453234186157426 -11.688984364875562 4.967916165015258
6.348064187475931 0.7636097185951811 17.448300100553386
-2.3104931666328343 -9.082417507119274 11.9330626376947
-5.059837975521904 -7.913738919998325 6.538787933631589
-2.6411412654986117 -1.050033394137978 -5.279919160342147
5.858392913737896 -5.60656597000208 -1.8752518240071805
1.428966039064942 -1.492456255602836 7.9037186404771465
-2.767870756803344 -5.421524581435774 18.449443786544556
5.588224124875919 -5.1452505754256395 6.4188596730719025
2.7335750050955356 -9.406078609241998 10.542360202619214
-0.9515576767940981 -7.700845405524816 -5.652911924907341
-5.224618118440683 -7.83658214297705 6.470542327572396
2.9550356755889213 -6.700649808740609 18.44762030031366
-5.344657384794056 1.038052290890778 14.421784278917581
-3.393959866390132 -2.716692684362806 18.4497833448848
