20
0.7597893111074119 5.800000000000001 7.426860194884016
1.174780572558392 5.789426712552419 8.565386978259566
2.3 5.399727687107196 8.544729129445278
-1.120244264748857 4.2710345604076005 13.592909059595145
-1.3127121636321464 4.420540699878557 12.835454091817985
-0.1669623203939221 4.607271577993112 14.370609643923874
1.5655299479932363 5.800000000000001 9.014920904219204
1.2338591614408514 5.362651256745072 8.627820993846438
0.8999999999999999 5.0924242324438085 8.549022698887482
-0.14209462863281194 4.209287260994105 7.6499999999999995
-0.8164489112308594 5.64547005844044 7.91644891123086
-1.1048871788877908 5.142777761796262 12.254910595143413
0.8584432830776697 5.800000000000001 9.168366780433965
-0.7310235403646865 4.291574666240978 15.018976922445276
1.0074117664428788 -0.3 7.238989409142806
-1.7332150219826759 4.98388107091543 8.782447061213535
1.335 0.023884263369740637 7.198444660893344
1.6812888996757325 5.5861649017202515 11.161142423947112
-1.7810685757637204 4.703650379193975 8.51988034842016
-1.7053637788952511 4.851407408678855 11.290181702636751
